name,lat,lon,bench-closest,bench-near,restaurant-closest,restaurant-near,bicycle_parking-closest,bicycle_parking-near,fast_food-closest,fast_food-near,waste_basket-closest,waste_basket-near,cafe-closest,cafe-near,post_box-closest,post_box-near,toilets-closest,toilets-near,bank-closest,bank-near,drinking_water-closest,drinking_water-near,pharmacy-closest,pharmacy-near,parking-closest,parking-near,parking_entrance-closest,parking_entrance-near,dentist-closest,dentist-near,fuel-closest,fuel-near,bicycle_rental-closest,bicycle_rental-near,pub-closest,pub-near,post_office-closest,post_office-near,bar-closest,bar-near,recycling-closest,recycling-near,vending_machine-closest,vending_machine-near,car_sharing-closest,car_sharing-near,clinic-closest,clinic-near,place_of_worship-closest,place_of_worship-near,atm-closest,atm-near,waste_disposal-closest,waste_disposal-near,ice_cream-closest,ice_cream-near,library-closest,library-near,charging_station-closest,charging_station-near,fountain-closest,fountain-near,theatre-closest,theatre-near,car_rental-closest,car_rental-near
,49.1934276,-123.1063407,1.1734888412746787,0.0,0.2499563634932379,2.0,1.2870826863136495,0.0,0.3161304312838476,2.0,0.7242067323099952,0.0,0.7313098457765647,0.0,0.9537907423036653,0.0,0.9305786400330834,0.0,1.0557489895067933,0.0,1.2954977323070251,0.0,1.9978247027262774,0.0,1.4510535684265182,0.0,1.0635649421614495,0.0,1.9512659369949104,0.0,1.1193316766841963,0.0,1.7958183451222822,0.0,1.1056701337625536,0.0,0.24181282778193014,1.0,2.3803968965528868,0.0,1.79153152659621,0.0,2.9185955218319752,0.0,4.064847100821942,0.0,1.4322270911714723,0.0,1.0006331102185502,0.0,2.4777906226919257,0.0,6.764737593830939,0.0,2.3890018357482568,0.0,1.3862776525771205,0.0,3.163021568774969,0.0,2.4725632289522244,0.0,2.5378469652097544,0.0,0.3731188065162721,1.0
Sandman Signature Vancouver Airport Hotel & Resort,49.1876688,-123.1099702,0.9794435401044844,0.0,0.06371147247185582,6.0,1.7579947932313418,0.0,0.45044333969960837,2.0,0.35200895645974756,2.0,0.251962116643329,1.0,0.493064990846066,1.0,1.428853801785947,0.0,1.2085883787856457,0.0,1.3094706654360029,0.0,1.3489414108294349,0.0,1.4905153031053007,0.0,0.5873582835145293,0.0,2.4919011369800543,0.0,1.467057374574301,0.0,1.7127408006755904,0.0,0.5990513195384601,0.0,0.45900893121288566,1.0,1.8601329834438107,0.0,2.3486720330876714,0.0,2.811192384286217,0.0,3.4669085747809945,0.0,1.2943557632191465,0.0,0.8232554561308512,0.0,2.421790724783318,0.0,7.2726826679441166,0.0,1.9262184497374621,0.0,1.2049446802602144,0.0,3.06633481318948,0.0,2.4092990885530545,0.0,2.6814415409732106,0.0,0.8352859383194171,0.0
Atrium Inn,49.2813793,-123.0452068,0.24140442878641719,11.0,0.06525991963808868,6.0,0.4382705609086168,1.0,0.061122677297696375,2.0,1.267069447897804,0.0,0.0939099141444152,4.0,0.2382199212971396,4.0,0.3580676757192217,2.0,0.47591515532136025,1.0,0.2367127395355497,3.0,0.2336064146319587,2.0,0.9964684438659963,0.0,2.1787876819787813,0.0,0.2613097649458497,3.0,0.07587711313628759,1.0,1.4795458887367938,0.0,0.01784776928647439,1.0,0.23577146658655868,1.0,0.7243071177472894,0.0,1.3541204811322736,0.0,2.702225479419944,0.0,0.8405717483078384,0.0,2.784119484262286,0.0,2.114482304549187,0.0,2.6891035654628412,0.0,3.5893132394827663,0.0,2.1657958493189033,0.0,0.36537476644358596,1.0,0.5705210247381375,0.0,4.841532770308902,0.0,1.8683336489309035,0.0,3.9383063871687463,0.0
The Westin Wall Centre Vancouver Airport,49.1908072,-123.1331434,0.6684505121829987,0.0,0.18329333955065547,15.0,0.69626213086741,0.0,0.3295185368313601,2.0,0.9539509143986254,0.0,0.2759903548811766,8.0,0.4659850519402086,1.0,0.5383180107924787,0.0,0.7118310932819116,0.0,0.7440049872294383,0.0,1.7190106604543145,0.0,0.7933482845292019,0.0,0.4330480642752949,1.0,2.210095135845253,0.0,0.2521297968530182,1.0,0.4545676400319366,1.0,1.4341320348455993,0.0,0.7078112113111446,0.0,0.8174793679297111,0.0,0.9546221260000084,0.0,1.140862977045518,0.0,2.594618860578523,0.0,2.6727750668670303,0.0,2.5424304484471585,0.0,0.8639721705737603,0.0,8.686524177028723,0.0,0.7842760421598194,0.0,2.230161130877093,0.0,2.5408460387175156,0.0,0.8413133260892716,0.0,1.4696668340377297,0.0,0.7669984933906683,0.0
,49.1346925,-123.164299,1.7961346062162225,0.0,1.5612141180703196,0.0,1.75431545325148,0.0,0.46589804552274866,1.0,1.7286476937745308,0.0,1.6289605745919293,0.0,0.8380172268607035,0.0,1.5937221785735478,0.0,1.5912168860936415,0.0,1.57350008920846,0.0,1.5479036499749894,0.0,1.6544659733204317,0.0,3.9025598364369976,0.0,1.919123666244408,0.0,2.0819406022291647,0.0,7.092743177923983,0.0,0.36802899581917614,1.0,1.6057213108462052,0.0,1.8591337362333378,0.0,6.162807534288028,0.0,1.7706503209033437,0.0,4.073971387174826,0.0,1.6804111842025986,0.0,1.0795106735702578,0.0,4.5031854970801,0.0,13.89355649872774,0.0,4.727918966243458,0.0,1.450538020248806,0.0,3.704091549769035,0.0,4.844708834099056,0.0,7.9175217273764265,0.0,6.607794391057722,0.0
Best Western Plus Sands Hotel,49.2863022,-123.1412453,0.09436432132803049,134.0,0.058569498224883824,19.0,0.038990008858809044,13.0,0.06875692419927898,9.0,0.10066433776222015,5.0,0.03328902719288271,9.0,0.1288118961510231,9.0,0.10600549353647512,4.0,0.31809239972093634,4.0,0.11949587040268017,11.0,0.15871489767128716,2.0,0.9948535131976914,0.0,0.7096678050883691,0.0,0.6870924212297808,0.0,1.1917744121196514,0.0,0.12100554716349889,7.0,0.09470740269941101,1.0,0.1572306759536234,2.0,0.10908892390041702,3.0,1.7107111806456547,0.0,1.252797992947658,0.0,0.2043783190897661,3.0,0.7764963206169098,0.0,0.7416240858252018,0.0,0.21113633389784123,1.0,2.5828917378992875,0.0,0.2408721210791649,1.0,0.5778409744524986,0.0,0.5475826108482704,0.0,0.9275821903593415,0.0,0.9703681716210691,0.0,1.4862256321022647,0.0
Winston,49.2046687,-122.9265336,0.6801446020554794,0.0,0.7109270012740826,0.0,0.8100336260466973,0.0,0.7794262146056826,0.0,0.02384099492385438,4.0,0.4895329360748037,1.0,0.4100913997706966,1.0,0.7272753763249376,0.0,0.8387134165479045,0.0,0.795940211201506,0.0,0.8084978006030237,0.0,1.0491749688889802,0.0,0.8011578821994519,0.0,0.947334780399115,0.0,0.7287359213134312,0.0,11.649067164478351,0.0,0.46890661213893375,1.0,0.8100723447014814,0.0,0.28349625515114,1.0,1.2960289045375581,0.0,1.2946890250593945,0.0,0.8880754291730271,0.0,0.8031025305906709,0.0,0.4574689727946727,1.0,1.0007752276675388,0.0,2.235267048675064,0.0,0.7880055493272461,0.0,2.4089649154894293,0.0,1.1502744710811157,0.0,0.2886866064068419,1.0,4.417172605913806,0.0,3.6788493887193843,0.0
Best Western King George Inn & Suites,49.1487293,-122.846355,0.9324124887005999,0.0,1.1195564218520897,0.0,4.215584305575477,0.0,1.0912863672141586,0.0,1.470018666213849,0.0,0.08788149986824988,1.0,0.06837192200797364,1.0,1.3153845649568163,0.0,0.929424554248922,0.0,4.225737301386176,0.0,1.461657238768317,0.0,3.187823486541892,0.0,3.025411163838059,0.0,3.1111233548955326,0.0,1.5327832236055217,0.0,19.958304196014193,0.0,1.6127699293590665,0.0,1.4578884624304291,0.0,4.155411025507244,0.0,1.6114614154455855,0.0,4.459079481421871,0.0,7.798687467520758,0.0,3.204786482539607,0.0,1.9965825629153102,0.0,4.158646115724859,0.0,3.7488404143969287,0.0,3.5314867360677424,0.0,2.090918083379263,0.0,4.068610744493847,0.0,3.653015980869151,0.0,1.5655239910354855,0.0,4.71898761542892,0.0
Deluxe Hotel Vancouver,49.2322214,-123.0289885,0.6726463671182144,0.0,0.03301833531845927,25.0,0.7327875941595775,0.0,0.04920654180869842,3.0,0.39679045036603927,1.0,0.0751532423863499,9.0,0.2575970771915594,2.0,0.7085271387658534,0.0,0.26027467394459775,2.0,0.7291521936861818,0.0,0.9563036691269036,0.0,0.6633646325343429,0.0,1.7502200018313518,0.0,0.2382322605434692,1.0,1.2415151372518676,0.0,3.8163711187666594,0.0,2.4438556892956416,0.0,0.4287201418020649,1.0,1.7646209918272322,0.0,0.672718352645458,0.0,0.6762533917876954,0.0,4.321419287190995,0.0,0.2276729129049913,1.0,1.0707255445931225,0.0,0.5086001855615124,0.0,0.6740444713817529,0.0,1.984247805102931,0.0,1.6598883334267656,0.0,2.4008696107831247,0.0,1.794809446937428,0.0,3.6721376811638073,0.0,1.9734064339285176,0.0
Ramada,49.1699071,-123.1448997,0.06264822617179445,24.0,0.08470794721614562,14.0,0.6156038362045754,0.0,0.5209993741256757,0.0,1.8319449157774892,0.0,0.49766659579097916,1.0,0.1205799871540047,5.0,0.5784340296518673,0.0,0.42552693149601006,2.0,0.04787573706776131,1.0,0.2343810314020965,2.0,0.35876706166366074,6.0,0.38450009227831433,1.0,0.8912347480057673,0.0,1.4863971932396334,0.0,2.93067477126987,0.0,0.05099575030942414,1.0,0.47609471092345856,2.0,0.7732231124631862,0.0,2.1016767750896603,0.0,2.9543745877742835,0.0,0.31645998014403554,1.0,0.8453560545607572,0.0,3.116791046560652,0.0,0.6086093295823592,0.0,10.446901587780795,0.0,0.8620630559338542,0.0,0.6980787190368751,0.0,1.073883606242367,0.0,0.7164063339825696,0.0,3.796830954874645,0.0,3.081741400357626,0.0
Quality Hotel Airport (South),49.1699891,-123.1443181,0.08578352759277977,24.0,0.04160439477681086,15.0,0.6348435559613335,0.0,0.4786148955074254,1.0,1.7887245174626678,0.0,0.49864683024861434,1.0,0.1585895422654874,5.0,0.5446384737003581,0.0,0.42789180818802747,2.0,0.06979011183106644,1.0,0.27756489735141876,2.0,0.3183729376292215,6.0,0.4222472023334026,1.0,0.8554943941210142,0.0,1.4431843007151155,0.0,2.90775699526865,0.0,0.05596530530386961,1.0,0.44874262489133676,1.0,0.7309416233181842,0.0,2.0944800395747944,0.0,2.9470283178965846,0.0,0.35862791475075856,1.0,0.8112380937532077,0.0,3.0745242156247423,0.0,0.5653665178774889,0.0,10.40576312729361,0.0,0.818960771441435,0.0,0.6932908464611096,0.0,1.055730930698596,0.0,0.7080204932567876,0.0,3.7820532583699893,0.0,3.0528958785214613,0.0
JW Marriott parq Vancouver,49.2753903,-123.1127661,0.25393875288339646,41.0,0.025168667714399837,19.0,0.22719002823455686,15.0,0.4035428003506924,6.0,0.3264580400381811,9.0,0.21772499776804732,9.0,0.24975502665102964,5.0,0.6618552597580197,0.0,0.5173944338338096,0.0,0.42698683529422526,1.0,0.37323578559952203,1.0,0.29243836055527694,2.0,0.3260929275832141,4.0,0.4778113105257829,1.0,1.8477546147798327,0.0,0.15371823510955698,8.0,0.25509574600360635,2.0,0.37262827491480444,1.0,0.47868181592303743,1.0,0.6562783225080162,0.0,0.6603642712131936,0.0,0.2729577408694096,8.0,0.5797531240312036,0.0,0.5745512690601092,0.0,0.2349776103510638,1.0,0.6764793254137789,0.0,0.46106109587599353,1.0,1.119669395016957,0.0,0.4677274607497473,1.0,0.5220094445868304,0.0,0.31637021027929174,1.0,0.7124071868690078,0.0
"the DOUGLAS, Autograph Collection",49.2760575,-123.1138775,0.14946775418468933,36.0,0.08709289806403113,34.0,0.11923949005967047,29.0,0.3000359741185535,11.0,0.21795190765716568,11.0,0.1086478059319625,14.0,0.16061160750877365,8.0,0.5558030232348131,0.0,0.42142416927269993,3.0,0.5344838290543122,0.0,0.2700152648218889,2.0,0.20011923895613568,2.0,0.30996285339785357,4.0,0.38661671790407903,3.0,1.7669382758716603,0.0,0.049613943550834816,10.0,0.1455746758030167,3.0,0.2689851075888252,1.0,0.4081998769486017,2.0,0.5492280885859264,0.0,0.5519734513468251,0.0,0.18203780807259018,12.0,0.48885999188735574,1.0,0.47230912692695903,1.0,0.13980515853516592,1.0,0.6781363907119223,0.0,0.4322654517638051,1.0,1.1495321541939174,0.0,0.36904738831124256,1.0,0.4474775387353212,1.0,0.24113156601735244,3.0,0.6172344784783421,0.0
Moda Hotel,49.2794963,-123.1204442,0.023826940125192788,63.0,0.014217988798106401,97.0,0.0231867079438507,134.0,0.08134530442942843,55.0,0.02700437477389514,63.0,0.08233803898179592,47.0,0.03452790200624256,28.0,0.1967309944936213,6.0,0.24127761995518612,9.0,0.22529870322218276,4.0,0.07809683494947857,6.0,0.4047718116908484,4.0,0.06048368311093651,10.0,0.11969665672861507,7.0,1.3552351822480295,0.0,0.19391096423421092,14.0,0.09426242115088794,14.0,0.3320260955882884,3.0,0.0017682888941746233,11.0,0.18507276124211755,2.0,0.10439601576067237,5.0,0.1206627506134312,17.0,0.1896678010377222,3.0,0.28812567372278086,2.0,0.10158149267256783,6.0,0.9837742974310064,0.0,0.2944574667843658,1.0,1.4926482832346335,0.0,0.3193218253062821,2.0,0.41456534497271996,3.0,0.04938136824230139,3.0,0.37946731074819967,3.0
Westin Bayshore,49.2921331,-123.1291351,0.06268156625402672,21.0,0.07590877252781832,36.0,0.40578382424024784,2.0,0.38110492401466856,5.0,0.12598576022551503,5.0,0.2024140134387424,6.0,0.07753467696492587,12.0,0.599225599363695,0.0,0.4451706304690038,3.0,0.5651192309218394,0.0,0.567678484889231,0.0,0.7352221748101504,0.0,0.5034789003086106,0.0,1.1679957106744143,0.0,0.8347734091410851,0.0,0.30509023604830215,4.0,0.28042623329143296,1.0,0.3890803645337931,1.0,0.5201345514389043,0.0,1.5536790113614305,0.0,1.5154326263716988,0.0,0.30749358148582834,4.0,0.5018542513699288,0.0,0.40688945039158186,1.0,0.385320698560118,1.0,2.092539456915703,0.0,0.6099980619224116,0.0,0.5680818554977525,0.0,0.3176700352523204,1.0,0.6168990167222297,0.0,0.12854297177631557,1.0,1.0482933480004457,0.0
Hotel at the Waldorf,49.2814894,-123.0743321,0.6734332120938695,0.0,0.11557228617298836,2.0,0.15739194094442283,1.0,0.799739231722208,0.0,0.011527593559526178,1.0,0.048481944699038264,2.0,0.3738370222340661,2.0,0.3489601771786263,2.0,1.2720542436808582,0.0,0.34888885402861,1.0,1.0218496245125508,0.0,1.578998818970725,0.0,1.2663876272091565,0.0,1.719034041041128,0.0,0.6096818882007328,0.0,0.15278640375128674,4.0,0.1551043234252292,2.0,1.1432350080018059,0.0,0.15460349036524015,5.0,0.5164498483109163,0.0,2.057741708507713,0.0,1.554579414726663,0.0,2.133077199725786,0.0,1.290934792079262,0.0,2.1717316616863025,0.0,1.4766456752951835,0.0,0.2161286919628971,1.0,0.7716854717132613,0.0,0.6480826475534242,0.0,2.836258071401385,0.0,0.42122868470707947,1.0,1.9442220410869813,0.0
Hilton,49.1717306,-123.1406352,0.36310562466048424,15.0,0.09524116471666261,28.0,0.738149784290093,0.0,0.2854608703372971,1.0,1.4988288211152154,0.0,0.33459458586504603,6.0,0.22485037580411532,4.0,0.4964797427302858,1.0,0.25426700761930104,12.0,0.3971331534968775,1.0,0.27028158815229447,2.0,0.23753420093126723,6.0,0.6195937845636753,0.0,0.7403845100043316,0.0,1.1412377047278264,0.0,2.642644014278359,0.0,0.3408991521426409,1.0,0.21724918616298527,3.0,0.411787533682082,1.0,1.9360218954419108,0.0,2.780529983000563,0.0,0.6557890112264866,0.0,0.7213209687805211,0.0,2.8141468337828353,0.0,0.30087211785421714,1.0,10.077000904926011,0.0,0.5171417422364011,0.0,0.8602137891890154,0.0,1.105992511080244,0.0,0.5702896329557305,0.0,3.563211557589724,0.0,2.756333369855169,0.0
Horseshoe Bay Motel,49.3733586,-123.2750233,0.034526269992006635,2.0,0.0608606112310651,7.0,5.743566779008384,0.0,0.04891095506190278,3.0,0.0825222585419322,1.0,0.08068910335526251,4.0,0.07472143558136123,2.0,0.2045172904650061,7.0,2.983697775343008,0.0,0.16855814197909508,1.0,0.09777074845681934,1.0,2.960697021987719,0.0,0.17618852814317387,1.0,10.873155340772609,0.0,0.0989528162946457,1.0,11.692169035164113,0.0,0.14779532449095142,1.0,0.07689934415313993,1.0,13.4496327056872,0.0,5.593121643949078,0.0,0.3117784013394343,5.0,12.18926437445454,0.0,13.172281115958775,0.0,0.47868671200300245,1.0,0.06962476793203577,1.0,5.955872787414346,0.0,0.16531044587904065,1.0,12.605630058601262,0.0,13.288620457825127,0.0,11.665064007267826,0.0,9.213313074744468,0.0,14.914165714868926,0.0
Sandman Signature Hotel,49.1624776,-122.6656852,0.4651558836835857,1.0,0.05545269643713951,10.0,0.4422113633259146,1.0,0.22993291604908034,6.0,0.4685047812644919,1.0,0.2334726894128228,3.0,1.8918362772611796,0.0,1.2111900951633345,0.0,0.3949354210757966,3.0,2.709430738057747,0.0,0.4561347441069512,2.0,4.943154645121435,0.0,6.192616633802455,0.0,1.0824367442647114,0.0,0.40809769956093356,1.0,30.892556728516595,0.0,0.36797572447921584,1.0,0.3218214698735539,1.0,0.0988726344839965,1.0,5.594932716014444,0.0,4.244247087622833,0.0,15.88457459915317,0.0,0.42781744841626385,2.0,0.8117730255299782,0.0,1.3218677417222648,0.0,2.0697290717731422,0.0,4.9904663717625635,0.0,1.7558577520653074,0.0,5.299966554270882,0.0,5.171093600859564,0.0,5.71655827496773,0.0,1.584618981373774,0.0
Civic Hotel,49.1904199,-122.8483285,0.019587280433458542,24.0,0.017973711794649655,20.0,0.46611312318161885,1.0,0.08631170508614162,23.0,0.026204393296177478,12.0,0.04015294810077675,8.0,0.2137778602948842,7.0,0.4278837625466383,3.0,0.20376737961728542,8.0,0.4242824624461997,1.0,0.3161728094823577,1.0,0.33774739236753926,6.0,0.06407712982672276,5.0,0.1605999475642533,3.0,1.1561033680502382,0.0,17.42583483704053,0.0,0.30364863380364016,1.0,0.49396028328482633,1.0,0.48283058136934665,1.0,2.650409181818337,0.0,1.3473028069060493,0.0,4.985991430515571,0.0,0.2590976708081548,1.0,0.9202067191467195,0.0,0.353685415913742,2.0,3.16184090856612,0.0,3.542154792765831,0.0,0.2847922460556158,1.0,0.4727176199816147,1.0,0.055195063373573786,1.0,3.1503325656161048,0.0,0.259516841717554,1.0
Delta Burnaby Hotel and Conference Centre,49.2565552,-123.0069167,0.8245444194165092,0.0,0.04942972259175272,5.0,0.4916387893193799,2.0,0.41373637327701734,1.0,0.6094013075092255,0.0,0.48859035849278315,1.0,0.10967316174526419,1.0,1.6474688660748569,0.0,1.1373331715371005,0.0,0.8581888528351631,0.0,0.9164963502274883,0.0,0.9155887795339755,0.0,0.2894441749282401,4.0,0.9084853071979794,0.0,0.9406155129391816,0.0,4.266088961457716,0.0,0.6811806974822712,0.0,0.9811140254341706,0.0,2.1538627565821624,0.0,1.4978718101583535,0.0,0.9000272290117415,0.0,3.2660417151195964,0.0,0.723345776184885,0.0,1.6844908083930958,0.0,2.995296593359386,0.0,1.8637164998665992,0.0,2.759640098686515,0.0,0.9149017597773627,0.0,0.5839584096719568,0.0,3.040949381453383,0.0,4.755725006455256,0.0,3.0302917939374128,0.0
Coast Hotel and Convention Centre,49.1059383,-122.6557987,1.1187108315704173,0.0,0.025538299452037592,24.0,0.4117222351619981,1.0,0.053683284976876494,7.0,1.9113083656079641,0.0,0.1362822343423779,4.0,0.2933332435771951,2.0,1.5284068314359873,0.0,0.49280092055629826,1.0,1.909898792882913,0.0,0.20612498720187467,6.0,0.5388863074435886,0.0,0.1064259250345789,2.0,0.3582937694357163,3.0,1.0249484761453407,0.0,34.19068739782069,0.0,0.09810412010188321,2.0,0.4367213924459815,1.0,0.060704046383799976,2.0,0.39066691283218447,1.0,1.6429305269168704,0.0,21.539499064278928,0.0,0.19519286256171914,3.0,0.4497822209123609,1.0,0.4176700465315174,1.0,8.371075798078438,0.0,1.6905711669349377,0.0,0.2533475559536017,1.0,1.7626885318896954,0.0,1.7686232333432652,0.0,8.471032822221174,0.0,0.6950998997599173,0.0
Econo Lodge,49.1215842,-122.8448828,0.9262385656307555,0.0,0.5443252239529583,0.0,5.766678101390748,0.0,0.158029421027738,2.0,1.5530206214432363,0.0,1.2597085263712986,0.0,0.9159595193415088,0.0,2.0837828812174743,0.0,1.2999822683230695,0.0,4.34991420313531,0.0,1.330939377391649,0.0,2.2032688974724715,0.0,3.406301626307316,0.0,3.125994865342398,0.0,0.3374978157255546,1.0,21.98961424575445,0.0,1.4083682587457251,0.0,1.3247858080425576,0.0,6.798136852880012,0.0,1.6760372563466275,0.0,3.7398291282627305,0.0,10.366185728904751,0.0,3.244737197799845,0.0,4.699106556092388,0.0,7.17877386210546,0.0,3.5838214980728558,0.0,3.8380314252676895,0.0,1.03609016580412,0.0,7.088184569929833,0.0,6.561459734125993,0.0,1.7497778803634145,0.0,7.736265852964012,0.0
Econo Lodge Maple Ridge,49.2173687,-122.6200084,1.0459335368349674,0.0,0.08770879564139067,1.0,1.0666138298806715,0.0,0.9786433108233304,0.0,1.0540764922985923,0.0,1.062169859960641,0.0,0.9059087013798791,0.0,1.0566682927566158,0.0,2.058136184345965,0.0,1.053597181435957,0.0,0.9982475974578892,0.0,4.456346632135271,0.0,1.4303521945622482,0.0,6.098410711124127,0.0,0.19507308413006738,2.0,32.65374489715739,0.0,5.086616264817298,0.0,1.4750672697562348,0.0,1.363476356346394,0.0,12.056038669136944,0.0,2.7817638708361514,0.0,14.574479728919513,0.0,2.005014651782546,0.0,0.9576102781854728,0.0,5.861051698309571,0.0,5.6960524329306415,0.0,6.092448373204699,0.0,1.4847756876477018,0.0,1.3783431587313009,0.0,8.516571544321486,0.0,6.016567093925188,0.0,5.7616492298581585,0.0
Hyatt Regency Vancouver,49.2851852,-123.1206386,0.057608733134694425,23.0,0.062006958946707526,83.0,0.06522837194564952,67.0,0.03667058847777215,35.0,0.032232744229862685,49.0,0.016723592996725652,60.0,0.02455509230300574,32.0,0.2579888847713872,3.0,0.05460973947141455,18.0,0.08595735538532794,3.0,0.12614795854460717,7.0,0.23065503888663255,4.0,0.37429577271914827,2.0,0.3761251938830212,1.0,1.058805104808125,0.0,0.07152834329378677,13.0,0.15581495801967243,6.0,0.16504910255544622,5.0,0.02147600394116627,4.0,0.5886679457293839,0.0,0.5737161191021265,0.0,0.3681149412147101,5.0,0.5171577470277046,0.0,0.6553057375958292,0.0,0.1436046097248405,4.0,1.143148159665222,0.0,0.3012479333922008,3.0,1.297455619073737,0.0,0.3842619268476291,1.0,0.06328709135142088,2.0,0.5324684804962379,0.0,0.22862416081990006,2.0
Element Vancouver Metrotown,49.2303683,-123.0041598,0.12062381522510035,21.0,0.02391432142307402,38.0,0.3949227035870992,5.0,0.11727248482379803,32.0,0.251648026678177,1.0,0.1472378033490251,14.0,0.14455426942346972,6.0,0.18280137100085805,2.0,0.06229646674079247,6.0,0.7670639811107255,0.0,0.12168855043244299,4.0,0.33833448253337395,2.0,0.21809340101703675,3.0,0.09005297834215494,6.0,0.14098246959445832,1.0,5.346792284444079,0.0,0.775968297920162,0.0,0.13038759834071678,3.0,0.1113510375990373,15.0,1.1633412866761632,0.0,0.4002677337112111,3.0,5.811699607750604,0.0,0.16082256600559433,4.0,0.7956514889922407,0.0,0.07758545769339807,2.0,0.4040576762042985,3.0,0.18844233011818218,1.0,2.1293113843537266,0.0,1.788595039273034,0.0,0.13071137719965725,1.0,2.1075177590471914,0.0,0.17687996555871313,1.0
English Bay Hotel,49.2877619,-123.1407792,0.025190783527854727,133.0,0.030443982836245217,26.0,0.13700984936435257,14.0,0.06323927390349651,9.0,0.03608558433732283,4.0,0.006633454291443863,13.0,0.055427344844632666,13.0,0.07268857773405496,4.0,0.16526056774679695,4.0,0.11510827499538726,11.0,0.21905289674039932,2.0,1.0928971117445665,0.0,0.800992331739197,0.0,0.7838604052611519,0.0,1.3465979009212787,0.0,0.09967066495190262,7.0,0.106550746710134,1.0,0.22060747600025546,2.0,0.07148291231312853,3.0,1.8032878422961818,0.0,1.4122390074240057,0.0,0.03935654008789238,4.0,0.8660543106248252,0.0,0.6607204325485968,0.0,0.31863476142152214,1.0,2.598676905406805,0.0,0.08277394610776173,1.0,0.43208091709911584,1.0,0.7033211063832094,0.0,0.8907231670669524,0.0,0.8592256875618198,0.0,1.5004522583660054,0.0
Tropicana Suite Hotel,49.2877864,-123.1291925,0.2329590749101045,21.0,0.01414160987142561,60.0,0.06597155288463533,11.0,0.12901045960137195,10.0,0.06934835890263191,15.0,0.05521348361835008,22.0,0.08138310558332684,28.0,0.5005324121529214,0.0,0.22673136775800756,2.0,0.2995808891333241,3.0,0.2975060106825466,2.0,0.5932305162742549,0.0,0.07990447430319496,1.0,0.7233682252994278,0.0,1.095456501769916,0.0,0.14392525405143253,9.0,0.1757768295765631,2.0,0.23930650309885163,3.0,0.04558962190755846,1.0,1.169151132638469,0.0,1.1145770309293253,0.0,0.09822339027575812,12.0,0.21179792731019156,1.0,0.23070386820864675,1.0,0.3187477362007194,1.0,1.8263752131600084,0.0,0.13933576690079885,3.0,0.6139351725990599,0.0,0.363587906510958,1.0,0.3006870008818901,1.0,0.38506617917218355,1.0,0.7670853473290342,0.0
Travelodge by Wyndham Vancouver Lions Gate,49.3255796,-123.1234498,1.043067195868212,0.0,0.07579153104668634,2.0,2.022474298160297,0.0,0.23943748975751258,1.0,0.11772551190755629,3.0,0.7483873596940075,0.0,0.23250428139448304,1.0,1.069168642841159,0.0,0.7415231661152475,0.0,1.5222201240478395,0.0,0.9660108252518137,0.0,1.1074976597802675,0.0,0.08075378061011068,1.0,0.7673083518122628,0.0,1.118374466160918,0.0,2.9693653518796834,0.0,1.389197810696615,0.0,0.9681208892142767,0.0,2.425712789827981,0.0,3.4874116976478353,0.0,1.3944238088940473,0.0,3.8195384815050066,0.0,2.08420197923766,0.0,1.1838726980249992,0.0,3.5627011618408777,0.0,5.194147273450747,0.0,1.9930285814471813,0.0,1.981554930030851,0.0,3.7228602472750665,0.0,3.247050410745185,0.0,2.9853314015374517,0.0,4.198728331298635,0.0
Times Square Suites Hotel,49.2917745,-123.135653,0.06351021189592274,61.0,0.03386915524437586,44.0,0.15907151467307895,10.0,0.05239702630752225,10.0,0.4215173976017169,5.0,0.01980927293564483,14.0,0.16909821064542294,14.0,0.6534429489930886,0.0,0.05838683421496676,6.0,0.18968368301815564,7.0,0.3631560200053279,1.0,1.1339667016992878,0.0,0.7135512279188917,0.0,1.073717747727081,0.0,1.299866755173144,0.0,0.07173674667118997,6.0,0.3285777953856333,1.0,0.3228865769681781,2.0,0.6191875647474433,0.0,1.8136738091128064,0.0,1.7528942754869539,0.0,0.44506600715340383,1.0,0.797007338927332,0.0,0.4198309290736368,1.0,0.32940208683957484,1.0,2.4537784665624405,0.0,0.49807843010188246,1.0,0.155705114387609,1.0,0.7302659193963472,0.0,0.4721530985726454,1.0,0.40343483947343745,1.0,1.4120914302693834,0.0
The Listel Hotel,49.2872256,-123.1291922,0.21034024434862542,27.0,0.011341752682745848,56.0,0.014079222518054296,14.0,0.07765971598226691,9.0,0.04280352105530389,15.0,0.0331069124717682,21.0,0.041994506085103564,30.0,0.4398334009250219,1.0,0.18521852510995374,2.0,0.240129302991196,4.0,0.25530100968221137,2.0,0.6007952832704936,0.0,0.09190369902182313,1.0,0.6702247760673132,0.0,1.139336383453402,0.0,0.15004692656991647,10.0,0.13821463400793949,2.0,0.19063685954058757,3.0,0.03878316724356844,1.0,1.1247061167299968,0.0,1.0674718610388965,0.0,0.09349194969223806,12.0,0.22791941908989707,1.0,0.2701419445494892,1.0,0.3603674401523073,1.0,1.7981368158882034,0.0,0.08871818829568184,3.0,0.6469440609276694,0.0,0.41230177696239945,1.0,0.23991956372072104,1.0,0.44652363938170153,1.0,0.7268977143878473,0.0
The Hotel at River Rock,49.1960166,-123.1262974,0.10410117387096753,1.0,0.019829026425367945,3.0,1.213958338600055,0.0,0.5571606674176995,0.0,0.8550394180702875,0.0,0.35545321382472295,2.0,0.06332965174484377,1.0,0.9502405937651864,0.0,1.2405620587765218,0.0,0.1981210286663833,1.0,1.745069638060757,0.0,0.03316467740890598,1.0,0.5356964983219853,0.0,1.6510334764714187,0.0,0.7830702111049196,0.0,0.3731825974323703,1.0,0.9991615401811612,0.0,1.3721590460839093,0.0,1.482024772429098,0.0,1.6226374858188988,0.0,1.4496168825091849,0.0,3.341045371261654,0.0,2.7627074556880618,0.0,2.285014548031813,0.0,1.000663253192561,0.0,8.032277101046098,0.0,1.0213351277358313,0.0,1.8849544233970161,0.0,3.0293996570146704,0.0,0.9967194552974491,0.0,1.1820200694787204,0.0,0.2991800395385352,1.0
The Queens Hotel,49.1844544,-122.949835,0.45564912590930423,4.0,0.06049575115219289,5.0,0.8573805591487436,0.0,0.06807620082269057,2.0,0.4406389595300042,1.0,0.7631564625401195,0.0,0.13401917695990564,1.0,0.47014430786422995,1.0,2.621207956528008,0.0,0.5822218161305215,0.0,0.14487345103651597,1.0,2.1615207302936064,0.0,0.4668496636531334,1.0,0.17528334934721856,1.0,3.0393189543532846,0.0,11.640626866088562,0.0,2.92928180030835,0.0,0.7144814758677649,0.0,0.5275909951986087,0.0,1.1991055565886628,0.0,3.4250633833956874,0.0,3.3075289846673126,0.0,0.15845422851984511,1.0,2.9979491509555705,0.0,0.4735361853113267,1.0,0.8618333272483316,0.0,2.5759177674744818,0.0,0.49216007018676383,1.0,3.7644796333812445,0.0,0.909639439469549,0.0,4.354983000289654,0.0,4.216013406763854,0.0
The Met Hotel,49.2045375,-122.90594,0.21926331886428616,5.0,0.027362808435117764,8.0,0.5778237627778547,0.0,0.01583463824009156,4.0,0.41148474137338653,1.0,0.21518721422334774,4.0,0.15398630894752746,6.0,0.12849651444384141,1.0,0.42754335769699403,1.0,0.12287612387692887,4.0,0.6343469346079917,0.0,0.07786193858202715,2.0,0.0755148462687047,8.0,1.0139933709738123,0.0,1.4560482542609612,0.0,12.974102694548321,0.0,0.6646366194931747,0.0,0.6344675687177196,0.0,0.012758371712050272,3.0,2.1940007559936094,0.0,0.49775473181100177,1.0,0.601623690825549,0.0,0.4605824780803225,1.0,0.6534869821594896,0.0,1.2616687071209385,0.0,3.5268577043023246,0.0,0.9093523045402101,0.0,3.4173486302809604,0.0,0.4579529389300108,1.0,1.7470706435179428,0.0,5.866935297793009,0.0,4.675244285136915,0.0
The Lodge at Fortius Sport & Health,49.2513009,-122.9674826,1.7842618436900008,0.0,0.8499614630448187,0.0,1.78281507634825,0.0,1.1739873719588294,0.0,0.3474063139698818,1.0,0.03162846818392366,1.0,0.8390083688897797,0.0,0.2719967956678877,2.0,3.10898211404791,0.0,0.25621936252237887,4.0,2.544799791079799,0.0,1.084355909839618,0.0,2.0701734992127068,0.0,3.3350655262082,0.0,0.9777236377884095,0.0,7.1543533258619725,0.0,2.486254165090356,0.0,1.2374660707435399,0.0,3.3348222509150376,0.0,0.9772424674515366,0.0,1.8089657905269367,0.0,5.135415683654745,0.0,2.368705629344635,0.0,0.38562519192207084,1.0,3.53674514778635,0.0,2.0991115785482726,0.0,3.4917848758887122,0.0,2.4225925615678765,0.0,2.3250955675188187,0.0,3.527867790477103,0.0,4.0837537548141,0.0,3.4950314889695155,0.0
Sandman Suites Surrey-Guildford,49.1950162,-122.8015925,0.27555463963991433,2.0,0.01524619917988635,2.0,0.5852727731980737,0.0,0.5571837182435575,0.0,0.8654083202902612,0.0,0.5432568676259583,0.0,0.37938816473108206,2.0,0.3837857528378606,1.0,0.24047223355940947,1.0,0.6225071229099103,0.0,0.6095913949101955,0.0,0.065475179995445,4.0,0.3472502285150273,2.0,0.5718729165688333,0.0,0.6545003125381745,0.0,20.372037273093497,0.0,0.8474998078454431,0.0,0.7641573530617493,0.0,0.5877841301254769,0.0,1.063811758191636,0.0,1.944807040970461,0.0,7.2174225988324245,0.0,0.4884167830785288,1.0,1.0568746179852373,0.0,0.5835296179716705,0.0,0.577454938149435,0.0,1.0388403350405322,0.0,3.594122271693951,0.0,3.4524985605351772,0.0,0.6980124215976712,0.0,4.639733576815346,0.0,3.1790716274191135,0.0
Embarc Vancouver,49.2805081,-123.1254041,0.12982242085610124,84.0,0.04909992855042566,79.0,0.014201231732677136,128.0,0.03740065074890158,52.0,0.07621161630930426,57.0,0.01316678458319798,39.0,0.08913128816393551,25.0,0.16734880544097486,4.0,0.04256349084020708,2.0,0.1651667753075984,5.0,0.17295453872654232,6.0,0.4394284248582512,1.0,0.07419448595309644,11.0,0.06127817709352825,4.0,1.069408546147279,0.0,0.0467049248883627,12.0,0.03872233241223918,11.0,0.360379708855924,2.0,0.20990943525943484,10.0,0.5311212574628985,0.0,0.3012999434710764,5.0,0.09433320265438426,15.0,0.3391420873018424,4.0,0.37361600336551654,2.0,0.21754765938693765,3.0,1.3416996398790602,0.0,0.48135988398154134,1.0,1.374942440833076,0.0,0.25282241449738807,1.0,0.057312626641331375,4.0,0.317941175319896,2.0,0.3245668272458572,4.0
Riviera Hotel on Robson,49.2884503,-123.1302911,0.18149591858833125,22.0,0.03375994274857314,55.0,0.09737583547876674,9.0,0.15963905998362327,11.0,0.059539942201393664,14.0,0.07480758955415442,19.0,0.03830523052420944,27.0,0.5633915377492796,0.0,0.3350620871984412,4.0,0.37544286502430885,5.0,0.4058968636760553,2.0,0.6722385434124961,0.0,0.1812739883577298,1.0,0.754559358579917,0.0,1.1075746445353079,0.0,0.12990995419308865,9.0,0.22878226806496166,2.0,0.21821399615431017,3.0,0.12108729749122947,1.0,1.2775640054975008,0.0,1.2223981270772395,0.0,0.11281456195909778,12.0,0.29386814425937574,1.0,0.12479505679152965,1.0,0.2107570058021567,1.0,1.9314835600495792,0.0,0.24432338898274797,2.0,0.508847863060862,0.0,0.37721923111456573,1.0,0.3941084478223129,1.0,0.30490573263586646,1.0,0.8756940699211805,0.0
GEC Granville Suites,49.2761106,-123.1283679,0.17932326087596343,52.0,0.015584515975101604,61.0,0.058280527495968446,76.0,0.10474300495647396,31.0,0.12902113094838583,24.0,0.05635942323860276,29.0,0.03639350221990692,21.0,0.3079223452845535,3.0,0.29662213630492884,2.0,0.2687447663310152,4.0,0.08000857887609047,4.0,0.49169235404269623,1.0,0.08722237784940212,6.0,0.17646541120642845,4.0,0.7164515436153307,0.0,0.15517781879538248,8.0,0.046939608327258034,6.0,0.11200124058982797,2.0,0.05069997405978918,10.0,0.31102400557943227,1.0,0.4561192102000547,2.0,0.20753874365919364,17.0,0.08752977483997443,3.0,0.278945365310508,1.0,0.6728430302544635,0.0,1.6189620462300331,0.0,0.3814901613514543,1.0,1.6205186808196006,0.0,0.6967200869082923,0.0,0.2987711946627598,2.0,0.7077365343717604,0.0,0.09482538112229473,3.0
Skwachàys Lodge,49.2809751,-123.1061432,0.040778647101221636,43.0,0.0953902255931047,57.0,0.10597654486932623,53.0,0.04603326952262944,32.0,0.11189006643168581,19.0,0.06589755777743916,35.0,0.12396230269590214,10.0,0.1316449023947834,3.0,0.1599159544082253,5.0,0.3008460282179919,1.0,0.14727297164497166,6.0,0.08666144337353004,5.0,0.08327347286428485,3.0,0.18065121792740604,3.0,1.7491722225962594,0.0,0.12585201623874298,8.0,0.08887014199673626,14.0,0.19679922958681556,2.0,0.09957147735568572,11.0,0.8722457826201412,0.0,0.9093259351385139,0.0,0.26753575885019887,5.0,0.1068910644404144,2.0,0.19162684710002864,1.0,0.17447847779718947,2.0,0.10960162228567907,1.0,0.2828515522136832,2.0,0.4452418562874709,1.0,0.5078707669443294,0.0,0.5339407009342715,0.0,0.0744626275072964,2.0,0.7250328753259346,0.0
Holiday Inn Vancouver-Centre (Broadway),49.2635214,-123.1204398,0.021010400496354373,54.0,0.027881632590115366,30.0,0.13792825924037866,15.0,0.07838840125680872,11.0,0.14096100930298547,2.0,0.05008387199147631,17.0,0.04063105027576229,11.0,0.9325737298710766,0.0,0.14873385722930305,6.0,0.44340490360407736,1.0,0.13876161941697535,3.0,1.0825486742785784,0.0,0.5268603748111914,0.0,0.5742095452212044,0.0,1.1090582944307188,0.0,0.18806929618924173,8.0,0.38307316326405844,1.0,0.32441354387950055,2.0,1.0834734354756987,0.0,1.0667643710573886,0.0,1.1264360819208232,0.0,0.46515914518053375,9.0,0.0382257538643842,3.0,1.512835267959767,0.0,0.5898501415146167,0.0,2.0910715885887488,0.0,0.3060405310219246,1.0,1.2408732758018655,0.0,0.5009595739254632,0.0,0.4320207563549532,2.0,0.5383843235482529,0.0,1.505429150921545,0.0
Patricia Hotel,49.2814701,-123.0951511,0.29560660430561325,2.0,0.19259383988190185,33.0,0.4746821887727202,1.0,0.3548477767543865,1.0,0.29090780597853544,1.0,0.1777210027117168,13.0,0.1867468128883769,4.0,0.1594961161415729,4.0,0.3276924421100222,5.0,0.7374839865701348,0.0,0.26866220947029446,4.0,0.5013980165266217,0.0,0.841252568471193,0.0,0.8664474004561215,0.0,1.880125843134778,0.0,0.1937696405453071,8.0,0.012879505398377846,4.0,0.31865904581821136,1.0,0.21577938350042533,4.0,1.671221917795778,0.0,0.9868073767870924,0.0,0.3573961421198891,1.0,0.8613762795281777,0.0,0.1826610186463774,3.0,0.9000813180621411,0.0,0.04156123834934533,1.0,0.2751235145551232,1.0,0.35518907457744403,2.0,1.2894807173794316,0.0,1.3308383588677923,0.0,0.2109839114366396,2.0,0.9206543774647392,0.0
Rosellen Suites at Stanley Park,49.2921694,-123.1413713,0.08028549605056508,149.0,0.22220020184424547,31.0,0.19631778405900815,8.0,0.3475534966543488,7.0,0.1834066591564892,3.0,0.3493497111543812,13.0,0.06714064389984417,7.0,0.35932593452559725,2.0,0.34577125764208333,6.0,0.2549820368262299,9.0,0.3891750663756279,1.0,1.527862957123061,0.0,1.0849362372246607,0.0,1.2277877807473108,0.0,1.697862762925385,0.0,0.055618693788948084,6.0,0.5675369854736817,0.0,0.39014156020090496,1.0,0.4098535725670589,1.0,2.152378555140327,0.0,1.90402639137861,0.0,0.06629574401302211,5.0,1.186934129801873,0.0,0.7790397741542971,0.0,0.6956515528607805,0.0,2.835055901328522,0.0,0.43987619294946195,1.0,0.3949568890159526,1.0,1.144993271463624,0.0,0.4399241714032966,1.0,0.8201340684621092,0.0,1.7646557112704393,0.0
Ponderosa Studios,49.2639841,-123.2557215,0.01960107744737906,57.0,0.06096453781987155,3.0,0.09129294466568126,29.0,0.20250843432714366,2.0,0.07857439633625689,6.0,0.20787654414941745,8.0,0.1764096193129044,4.0,0.28710980524564855,2.0,0.7324385597060623,0.0,1.830525865422153,0.0,0.9485524804289301,0.0,0.14383052968422927,1.0,0.9299694811589226,0.0,1.802492394464659,0.0,3.7938028474157885,0.0,0.6225816125289123,0.0,0.495359429500099,1.0,0.40628164599581423,1.0,8.493605348537772,0.0,0.09836212756507469,2.0,0.49085910658693027,1.0,0.7958157419551063,0.0,1.8669751010820272,0.0,3.218642015095633,0.0,0.2512131847171624,1.0,0.19656957543276202,2.0,0.699068984312027,0.0,0.5630853589474565,0.0,2.4828350050631514,0.0,0.5795106904126555,0.0,0.535526312196951,0.0,8.208815825574927,0.0
Gage Apartments at UBC,49.269597,-123.2496812,0.12803194452866468,24.0,0.4025105133341762,4.0,0.02144250221116059,13.0,0.24415041029344262,5.0,0.1522625041546876,5.0,0.2592968623188384,6.0,0.1774121835383812,3.0,0.7115697913025876,0.0,0.47647342493161243,1.0,1.9313410610880715,0.0,0.5818569766467171,0.0,0.5982406280835169,0.0,1.2698788840854023,0.0,1.9508628485099206,0.0,3.4214201174587284,0.0,0.972913051012069,0.0,0.337688131531348,2.0,1.030214726363151,0.0,8.046304456355609,0.0,0.3747579033607029,1.0,1.198210858384996,0.0,0.5682567529173664,0.0,2.0561120047762413,0.0,2.8045459470922878,0.0,0.5124383859908518,0.0,0.75586992304317,0.0,0.400082253813283,1.0,0.9286873241808421,0.0,2.3098787009305486,0.0,0.5589623404745762,0.0,0.2644799760915577,1.0,7.739019046383547,0.0
Lonsdale Quay Hotel,49.3102749,-123.0819212,0.05919623644948437,60.0,0.031792880131469546,26.0,0.023611771910310227,2.0,0.04252088990578959,4.0,1.7956834327408957,0.0,0.06899210714671873,13.0,0.07301902504421903,5.0,1.5707102592702171,0.0,0.24517358407437476,1.0,0.33749624153418173,1.0,0.2020582406638323,1.0,1.1251631236629622,0.0,3.365154713726749,0.0,0.4266831174321855,2.0,1.229206365035258,0.0,2.997427557944743,0.0,0.3748681970209659,1.0,0.2076739916072226,1.0,0.04872251750670073,2.0,0.5190341848309936,0.0,4.293150988335846,0.0,0.41165808000431836,3.0,3.344088600165906,0.0,3.0337255382073245,0.0,0.2734838525300906,1.0,3.3106423751781753,0.0,0.23613786462444192,2.0,3.295960314810981,0.0,0.3727701440264928,1.0,1.353834637549377,0.0,3.2411904094549646,0.0,3.3892766898117377,0.0
Brookside Inn Boutique Hotel,49.0457836,-122.40809899999999,3.1269632177274462,0.0,2.308480447552054,0.0,2.4577011961188115,0.0,2.0248630484187213,0.0,2.5607461916067233,0.0,2.5040007997898823,0.0,0.3058437026550705,1.0,2.5550819162703653,0.0,2.450588925154301,0.0,3.2884488749869947,0.0,2.621766982687028,0.0,2.484009617475357,0.0,2.674150512931622,0.0,2.580992232826091,0.0,2.5305860728869294,0.0,53.27129820398554,0.0,2.8689428974776447,0.0,2.6080769758418163,0.0,2.0276612649683865,0.0,2.80314478088304,0.0,2.7072193160833953,0.0,38.25306703528536,0.0,6.397032487508586,0.0,3.3094404950564944,0.0,2.6632674003209793,0.0,2.8001252766999647,0.0,2.4626692060426314,0.0,5.842029336031714,0.0,6.824241809775809,0.0,2.5034872593088133,0.0,7.926383270993523,0.0,2.2665510996363993,0.0
Fairmont Pacific Rim,49.2880994,-123.1168836,0.05817451043823823,34.0,0.01963414823116301,35.0,0.11835100918079428,48.0,0.1730197162464865,21.0,0.24489595342426607,15.0,0.07754786825902917,41.0,0.07477818799107148,23.0,0.39729374208631196,1.0,0.12292895414332512,14.0,0.37986439060611416,1.0,0.3223474913119569,2.0,0.3010255699881901,2.0,0.291072718132446,2.0,0.5545504947825377,0.0,0.7273261159112991,0.0,0.11534148201208656,7.0,0.18913253699953134,5.0,0.2592698800837257,2.0,0.36916951604715426,4.0,0.8876323781144092,0.0,0.9075536236902602,0.0,0.20441064726863917,2.0,0.6825668075155575,0.0,0.9080242423317861,0.0,0.38890904436125306,1.0,1.1437528269779464,0.0,0.05740794337406628,1.0,1.4519055137288064,0.0,0.6932274178191021,0.0,0.3640519909354277,2.0,0.8815072050792013,0.0,0.060606986796787325,2.0
Fairmont Waterfront,49.2872705,-123.1136348,0.06393580078775427,36.0,0.06278450469398728,32.0,0.047304210469558204,52.0,0.05488751544348621,30.0,0.05770812091207096,25.0,0.05309387184005724,49.0,0.053223859557257044,22.0,0.5097568402438328,0.0,0.19625923694724343,11.0,0.5471374657482054,0.0,0.28154647876310857,2.0,0.355893302607473,2.0,0.06528957846540807,2.0,0.5074509642674143,0.0,0.8789812580351911,0.0,0.05216973704098286,6.0,0.09452393764294666,8.0,0.2803140869980223,2.0,0.2878983766567687,4.0,0.8548445207661126,0.0,0.8886563250329296,0.0,0.28487775624359685,3.0,0.772348621288828,0.0,0.8420975900016697,0.0,0.5214803870304159,0.0,0.9317252386779116,0.0,0.1968482394533067,1.0,1.2060963144142445,0.0,0.5678953519930036,0.0,0.5151363789864881,0.0,0.7357578553642186,0.0,0.056873104494619,2.0
Pan Pacific Vancouver,49.2878972,-123.1130483,0.057175254769524855,34.0,0.09392996509614983,25.0,0.10548398337271213,42.0,0.11063624701671508,23.0,0.1391784181823287,21.0,0.029711205924859256,40.0,0.030587611937200207,16.0,0.5913650264895627,0.0,0.2550910657731572,8.0,0.6122094474677882,0.0,0.36153419241444107,1.0,0.43357652116056733,1.0,0.02936229273410582,2.0,0.588582769913032,0.0,0.8333627433739721,0.0,0.07898266955833058,6.0,0.1676823209632608,8.0,0.36040422634972175,2.0,0.3661605248196213,2.0,0.9355441797853173,0.0,0.9696451203696296,0.0,0.3244024601337297,2.0,0.8041285048298694,0.0,0.9204984618427283,0.0,0.6027342822444911,0.0,0.971596571976416,0.0,0.22954648787872844,1.0,1.2138893128854287,0.0,0.63513271412507,0.0,0.5808596595324247,0.0,0.8020724916903111,0.0,0.03179402432745789,2.0
Four Seasons,49.2836261,-123.1180177,0.05728557906486339,32.0,0.09946547498553768,67.0,0.029605088904849985,108.0,0.05329699453958161,59.0,0.05407373967960673,62.0,0.08567589143310808,71.0,0.06257696551150639,37.0,0.044219721845533876,4.0,0.10665726581669234,18.0,0.15297420170407225,4.0,0.13757553711470694,6.0,0.18684179791897743,4.0,0.46485997348500513,2.0,0.1215279327307984,2.0,1.2180479922289555,0.0,0.14308974440484853,11.0,0.17249220008300242,11.0,0.17149810099032872,4.0,0.03695821799967282,9.0,0.38586160101685657,1.0,0.40402454866395254,3.0,0.2457223882569645,9.0,0.670897292829481,0.0,0.42420904184417085,1.0,0.11510900541003524,7.0,0.8942120744066623,0.0,0.19868108646638555,2.0,1.3373592375067835,0.0,0.4006048534119076,3.0,0.19801849858747936,2.0,0.419502234660858,3.0,0.24482619898862296,2.0
Holiday Inn & Suites North Vancouver,49.3128618,-123.0266366,1.7057634836337319,0.0,0.7306913347288504,0.0,0.5697652981672299,0.0,0.9165586591441708,0.0,0.36684717725397303,4.0,0.907929706848679,0.0,0.613875681609858,0.0,1.6828638952566022,0.0,0.9290394020278587,0.0,0.6826005098431197,0.0,1.1764985709224292,0.0,0.5703950106285963,0.0,3.6768460632596804,0.0,3.6487785812120657,0.0,0.9602519395168991,0.0,4.25914644288326,0.0,0.04594750474888413,1.0,0.8681138779336567,0.0,0.6186285526806989,0.0,0.5150178621065243,0.0,5.346014650988297,0.0,3.589258842412737,0.0,5.372301560632107,0.0,5.241157777214371,0.0,3.7999751066367633,0.0,5.237495610300739,0.0,2.9305119001048774,0.0,2.757094001210491,0.0,3.1880746519182965,0.0,3.4792486775611335,0.0,0.5863494619257897,0.0,6.789704348427923,0.0
Steveston Hotel,49.1253366,-123.1859397,0.461382917715467,7.0,0.04326105761985188,19.0,0.4654902794326608,1.0,0.1485146429923765,5.0,0.14454384533767162,2.0,0.08698645385822909,7.0,0.22095073406338242,2.0,0.464301983577697,1.0,0.21937959550219052,2.0,0.03105202752738402,3.0,0.251523487740981,3.0,0.43745809598673047,1.0,5.6169829569480125,0.0,2.156815665856393,0.0,3.9350409201149077,0.0,8.68108550653443,0.0,0.034349790174900655,3.0,0.2235740579400102,2.0,0.2633560701102921,1.0,7.633134923140076,0.0,0.28160195735426347,1.0,5.636288517822379,0.0,0.20917878382822833,1.0,0.24582462634061894,1.0,6.208792741560121,0.0,15.765333884092298,0.0,5.008046328320295,0.0,0.5500319342565797,0.0,5.4949883120414,0.0,6.413892581227233,0.0,8.590380099162013,0.0,7.569237844979937,0.0
Le Soleil Hotel and Suites,49.2852213,-123.1181515,0.11494642516884919,43.0,0.008804744673477366,65.0,0.04565227397910446,79.0,0.06923735953315636,50.0,0.11142778060628417,47.0,0.037601945191338026,68.0,0.08220074823239269,36.0,0.20449661166247243,3.0,0.08974033767319359,19.0,0.21682543174836913,4.0,0.20150828466201523,5.0,0.05033699752200891,5.0,0.4642047286605975,2.0,0.2616874406135639,2.0,1.0405766851065141,0.0,0.14205069326099873,11.0,0.0260121994557243,6.0,0.12934088112748532,4.0,0.15901793185538168,5.0,0.5632025866178998,0.0,0.5763571639459982,0.0,0.3734068966268213,8.0,0.6674295440997366,0.0,0.599286928691791,0.0,0.26461116018992276,4.0,0.9923461494196677,0.0,0.322083063760915,3.0,1.3952681651174113,0.0,0.508357602218979,0.0,0.1670347392829542,2.0,0.5748383659300714,0.0,0.3232876944170107,4.0
YWCA,49.2854471,-123.1177504,0.07964292651966912,42.0,0.040581198849566714,59.0,0.06499747690151239,77.0,0.03562362524113261,46.0,0.09425919795757204,46.0,0.06609344031273098,68.0,0.09178508038052159,35.0,0.2246162325263419,3.0,0.07611154653811736,18.0,0.23718121133849143,4.0,0.21309772775922123,5.0,0.029034433222353957,5.0,0.4259629284439628,2.0,0.27364485943895,1.0,1.0160953883474162,0.0,0.10369848975989152,11.0,0.06329138791037124,7.0,0.12748207052479738,4.0,0.19005249052743087,6.0,0.5888518529343729,0.0,0.6060411373459078,0.0,0.35961324893972624,8.0,0.6824099839940786,0.0,0.6191010164126222,0.0,0.278669260076922,4.0,0.9834857800431656,0.0,0.287190685989204,2.0,1.3765597966875265,0.0,0.5054324796407252,0.0,0.1891765293892998,2.0,0.609050543153743,0.0,0.3227420203310364,4.0
Rosedale on Robson,49.2783489,-123.1162229,0.15351770280447832,44.0,0.03432066505924695,57.0,0.0812405672274403,78.0,0.04114736092490448,34.0,0.06142511448839669,26.0,0.03964482937790757,31.0,0.0839371931307445,20.0,0.24956044156203405,2.0,0.28062651683635476,7.0,0.44286677399717034,2.0,0.06006084286675582,4.0,0.09066199018571244,4.0,0.1925396978666784,5.0,0.28747835725871584,5.0,1.6220773304220297,0.0,0.14577680648968022,13.0,0.17100248421899555,8.0,0.05761376616819741,3.0,0.27302873209613365,6.0,0.24285294503482927,1.0,0.2476656295344381,5.0,0.13042704211538264,20.0,0.3800699972673423,3.0,0.1779441551468529,1.0,0.19045240508940126,4.0,0.703460872845273,0.0,0.4364619454949726,1.0,1.2142461855588647,0.0,0.2537127941020222,3.0,0.2816603636415816,1.0,0.18340733293102407,6.0,0.34078965552224355,1.0
Century Plaza Hotel and Spa,49.280788,-123.1270458,0.0472189157573894,63.0,0.1027467487887702,82.0,0.0379746247575359,121.0,0.11087685555455055,58.0,0.020917800200685573,50.0,0.019624179869503107,41.0,0.06611036267286971,24.0,0.2869590068858261,4.0,0.15034304286035075,2.0,0.22583829123131824,5.0,0.1967922626655662,4.0,0.32769337280653626,1.0,0.05413971552931842,11.0,0.11487831394490465,4.0,0.9848836332986675,0.0,0.10096700051317654,10.0,0.15626435535071778,10.0,0.3119321155326002,2.0,0.2717307891363402,12.0,0.6017873808509053,0.0,0.4099919359272121,2.0,0.11786618455483722,15.0,0.27572188703112543,4.0,0.2513327706958951,2.0,0.33485240872815086,3.0,1.4619590179990058,0.0,0.47778872986116105,1.0,1.2820749589950189,0.0,0.29038482695443185,1.0,0.07183920979089245,3.0,0.43890345129765057,2.0,0.3779048748929307,4.0
YMCA,49.2818468,-123.1254642,0.1258602248913971,58.0,0.08868618362496812,83.0,0.014112802590688226,105.0,0.10007758720092054,51.0,0.056855332148251586,62.0,0.05887370176564352,44.0,0.1248497884749065,27.0,0.2797481796061773,4.0,0.19015711721224166,6.0,0.2808850726179473,6.0,0.2981878725957394,5.0,0.4757764776000841,1.0,0.10077123458007532,10.0,0.20050924784756868,3.0,1.1465802296118308,0.0,0.14588906622671205,11.0,0.1061362348435026,11.0,0.4376202825107177,2.0,0.34081128868404903,7.0,0.566145285566014,0.0,0.42553836956359864,4.0,0.16782815925898362,16.0,0.417149048405373,2.0,0.3749823988171175,1.0,0.22690526389069557,3.0,1.3588764442680692,0.0,0.3341855344174627,2.0,1.2548396870653054,0.0,0.12600072078929286,1.0,0.12408367420406052,4.0,0.3598666760075107,2.0,0.33491993379203766,2.0
The Sutton Place Hotel,49.282958,-123.1242765,0.0515744362361175,54.0,0.04038455579403225,68.0,0.07262044658084778,86.0,0.059143048012752705,38.0,0.04013379385827364,55.0,0.09224592092160891,47.0,0.09580190153619544,27.0,0.3146801892493245,5.0,0.25868624713266136,10.0,0.30844304563552816,6.0,0.16243521966042856,5.0,0.5570334849220933,0.0,0.01586011893828084,8.0,0.34260282513220386,2.0,1.2899459593926346,0.0,0.08228133430861234,12.0,0.08257695790285464,10.0,0.40520570163047337,2.0,0.3790273164985777,7.0,0.545561795068203,0.0,0.4792274586260617,2.0,0.2178444667958234,10.0,0.5428107851063609,0.0,0.4979714722352125,1.0,0.08482885330698463,5.0,1.297920477733575,0.0,0.20949554079549088,3.0,1.2239384677627605,0.0,0.0341772649025888,1.0,0.2627787582717146,5.0,0.36927393046496204,2.0,0.21566862413978372,1.0
Radisson Hotel Vancouver Airport,49.1850533,-123.1355396,0.13414209900525811,3.0,0.17665716379037083,25.0,0.1456695463025776,1.0,0.3967237853816404,4.0,0.86005125387025,0.0,0.3958500632798979,8.0,0.16959380378749123,2.0,0.19426336011944534,1.0,0.07408626280706777,3.0,0.793561536182281,0.0,1.36006575476859,0.0,0.61630667535512,0.0,0.09933582258985675,3.0,2.013872344571635,0.0,0.14151501317087817,1.0,1.1166346825575986,0.0,1.7675832052773754,0.0,0.20655263794891413,1.0,0.16045661727710325,2.0,0.8612196788783797,0.0,1.4885468796849541,0.0,1.9496534648944286,0.0,2.0357890446411164,0.0,2.656663101721682,0.0,1.3856303655099251,0.0,9.081838815456793,0.0,0.1214380937001763,1.0,2.3796689988542647,0.0,2.5301223412742067,0.0,1.134986005549493,0.0,2.079607399107073,0.0,1.307277010914146,0.0
Hilton Vancouver Metrotown,49.2288848,-123.0043627,0.08579147595422626,27.0,0.003989176555968501,39.0,0.2331663481294032,6.0,0.042573196861592826,35.0,0.12974791933823063,1.0,0.03802531234802511,20.0,0.06922587098792544,6.0,0.05939434903438906,3.0,0.09183071283032979,7.0,0.6752316970735168,0.0,0.032508995296749346,3.0,0.18561813959886822,3.0,0.07257561244318743,3.0,0.06442743766467143,7.0,0.1963011492348153,1.0,5.427144235752968,0.0,0.6718515488912271,0.0,0.2098028247610619,3.0,0.021167610846598215,15.0,1.1978955744063355,0.0,0.3139018333862672,3.0,5.898027346732147,0.0,0.024268350140124142,5.0,0.859221430626344,0.0,0.0880313370291504,2.0,0.3084100133388215,6.0,0.1821348410241782,1.0,2.294865071816701,0.0,1.9536301643395542,0.0,0.046809414163524715,2.0,1.9989636676006604,0.0,0.17477178442959826,1.0
The Manor Guest House,49.2596016,-123.1122639,0.17649292860973845,35.0,0.2257940538112437,18.0,0.17029094776436682,18.0,0.3153452666856754,7.0,0.33035717784902047,1.0,0.1824872047304783,7.0,0.26792697029047036,8.0,0.6357114160769972,0.0,0.3980229024415154,4.0,0.345356699697273,2.0,0.40056348420887794,1.0,1.3330427787744787,0.0,0.5300700195125786,0.0,0.46605862181040847,1.0,0.8398373098268059,0.0,0.13976187461246986,6.0,0.4265007066988296,2.0,0.29763758240303484,1.0,0.6161450154581906,0.0,0.3437972353199003,2.0,0.7091615490526993,0.0,0.13969664545489055,13.0,0.7101251436377378,0.0,1.8070895297497356,0.0,0.797224708996741,0.0,2.315220440570605,0.0,0.511308210841848,0.0,1.0092700653787339,0.0,0.33463222301050266,1.0,0.7392012322338265,0.0,0.22684425693291957,1.0,1.8481134304878768,0.0
Hotel Belmont Vancouver,49.2789109,-123.122843,0.08047738217808931,69.0,0.05201539756428501,104.0,0.0346900250469746,147.0,0.043834278563613396,56.0,0.04307990142374106,64.0,0.037074163094436896,51.0,0.09222492564544722,29.0,0.098235872195308,5.0,0.22049113448414218,7.0,0.09693893583036778,4.0,0.16658010915208926,6.0,0.5462593243932936,0.0,0.1012746779108412,13.0,0.07193729273451169,9.0,1.1696863475917187,0.0,0.19198423843421378,12.0,0.021169775360738784,13.0,0.3425944956713718,3.0,0.021224154595727553,13.0,0.36638581056126046,2.0,0.04835865517676018,5.0,0.06728659161481254,14.0,0.08440620345299675,5.0,0.2515091774909223,2.0,0.17365482001494276,4.0,1.163181059276063,0.0,0.432381912251934,2.0,1.6285020583352854,0.0,0.37237313814429945,2.0,0.3137173376847695,2.0,0.20043843704877673,3.0,0.2298900257503332,4.0
Four Points by Sheraton Surrey,49.1921242,-122.7836177,1.0121015924296572,0.0,0.9031325666891481,0.0,1.3615734272605018,0.0,0.7780959216601684,0.0,0.8387030553521172,0.0,0.774827911190253,0.0,0.42819211883838537,1.0,1.1229342364760269,0.0,0.7881126800332885,0.0,1.3995396367068722,0.0,0.7344890815935375,0.0,1.3049570415213203,0.0,1.0877312076926187,0.0,1.2729362612580997,0.0,0.8349019250017669,0.0,21.71033748337641,0.0,2.1681565059491468,0.0,0.961586523755693,0.0,1.4652495924542406,0.0,2.3918758303364807,0.0,3.2621408346860505,0.0,8.484715512403318,0.0,0.7463096435958411,0.0,2.3881123627397747,0.0,1.3687344221660174,0.0,1.300061266396487,0.0,1.3946538115432228,0.0,4.1158383683133115,0.0,4.647033645882495,0.0,1.3859819089063394,0.0,5.346659969392637,0.0,4.457596167856664,0.0
Charming Family Hotel for You by Elevate Rooms,49.1478403,-123.1138983,2.500753672040932,0.0,1.1300351558068407,0.0,2.2864493630403704,0.0,1.059735564471634,0.0,2.8047789870261366,0.0,1.0177227296061597,0.0,0.7543500526225287,0.0,1.1680187696985105,0.0,1.0541441365513908,0.0,2.6696601297961986,0.0,0.9783097121446649,0.0,2.352530134566176,0.0,1.5497820783306824,0.0,2.045283100000948,0.0,1.6319833903041454,0.0,5.350496802693566,0.0,1.91280175703082,0.0,1.1577340419121196,0.0,1.1824208819365343,0.0,5.114470067938398,0.0,5.645508545541675,0.0,3.5597040068058274,0.0,1.1748239819535398,0.0,2.599435274056835,0.0,2.534298811290798,0.0,10.257846479315734,0.0,2.2687879306896,0.0,2.3348927898917675,0.0,2.139479310488955,0.0,2.2518781816479514,0.0,6.445496905600056,0.0,5.064109782639544,0.0
The Packing House,49.2837268,-123.1048204,0.2150720566860148,39.0,0.04175113170415852,46.0,0.22996075311022285,38.0,0.06596446397983886,25.0,0.047645326395242146,17.0,0.05705727085148306,29.0,0.030205944144667585,10.0,0.23940484729111697,5.0,0.2517675094018321,2.0,0.4360525818558091,1.0,0.1492338975378524,3.0,0.2518795549929528,3.0,0.40352926376062725,1.0,0.2404143582284563,1.0,1.550868476614545,0.0,0.1965112909679046,6.0,0.047241557068134266,16.0,0.2802670672311507,1.0,0.0665950665264074,11.0,1.0420051989463612,0.0,1.082559891327144,0.0,0.435666272743504,4.0,0.26408599355951934,2.0,0.24694422343467187,1.0,0.25285854031946225,2.0,0.42804040633190754,1.0,0.08337920226463769,2.0,0.4583983343907271,1.0,0.6101677492543275,0.0,0.7417772055350839,0.0,0.3880691160007371,1.0,0.7696103347483474,0.0
Blu Hotel,49.2781605,-123.1144591,0.17109907560435048,27.0,0.03285921116435171,46.0,0.05430930347867409,74.0,0.09298566309933427,25.0,0.04450757130421377,22.0,0.04309998164341974,25.0,0.08233733847953502,16.0,0.3480004914659194,1.0,0.34176082225924037,5.0,0.4713518198315485,1.0,0.06961522389527394,3.0,0.06450931634323784,5.0,0.2549054730343108,5.0,0.3532080269650691,4.0,1.7448402160873417,0.0,0.07554297622574858,11.0,0.15539459471809233,4.0,0.07208363457474924,2.0,0.19771472156312458,6.0,0.345095736863904,1.0,0.35977412979923545,3.0,0.04643500774724767,20.0,0.4832124324447483,2.0,0.24813526900901278,1.0,0.0980803407889088,2.0,0.5892502712026466,0.0,0.5206251375193603,0.0,1.0967235519443252,0.0,0.34988372163205445,3.0,0.22632311811825379,1.0,0.07633273598485937,5.0,0.3810973206431429,1.0
Vickie's Bed & Breakfast,49.1450075,-123.1274522,2.4734044958450276,0.0,0.9166897626789551,0.0,2.0465668206384153,0.0,0.7335493187403525,0.0,3.1298756392286,0.0,1.037280936485251,0.0,0.8287915280149969,0.0,0.7461837481632169,0.0,0.9400158308122821,0.0,2.336210423947006,0.0,0.9327286222962764,0.0,2.4260684975679667,0.0,1.5921547402907719,0.0,2.447297428271148,0.0,0.7261383719751208,0.0,5.525284872743212,0.0,0.9048506999621839,0.0,1.0269324671958824,0.0,1.2002328258151607,0.0,5.050719683766741,0.0,4.630090426749395,0.0,3.1978058708994856,0.0,1.117103332757705,0.0,3.327765707377666,0.0,2.8239292609197495,0.0,11.158692990023455,0.0,2.852429542732724,0.0,2.3500872187410082,0.0,2.016400515976779,0.0,2.883164879201388,0.0,6.568422217878583,0.0,5.4452667617613715,0.0
Blue Horizon Hotel,49.2864636,-123.1272556,0.1282898182020853,45.0,0.0367569557017469,62.0,0.1511183484192581,22.0,0.06812511954215518,11.0,0.03819169101209159,25.0,0.005149758843420209,27.0,0.044161721264392495,27.0,0.4221850581423064,1.0,0.0240849625705642,7.0,0.15335491047541625,4.0,0.0941811234899125,4.0,0.48909725912010793,1.0,0.14622627986643835,2.0,0.6949768737254061,0.0,1.113867417627568,0.0,0.06612820619992199,12.0,0.02770557877411177,1.0,0.05235948163222942,2.0,0.20211915344902517,1.0,0.9657563255152678,0.0,0.9117235493802711,0.0,0.03914411523988486,13.0,0.18636430139970475,1.0,0.43137380451911184,1.0,0.4162599389865361,2.0,1.634806581546607,0.0,0.038216891074609065,3.0,0.8107757022564567,0.0,0.431011946773217,2.0,0.1678383421009592,1.0,0.566375567572051,0.0,0.5645059598271487,0.0
Executive Airport Plaza Hotel Richmond,49.1704466,-123.1451494,0.12277187548853954,24.0,0.08825962311659566,14.0,0.5571011374407729,0.0,0.5413288783150533,0.0,1.8405592722200788,0.0,0.435364597503498,1.0,0.09598936104118996,4.0,0.6220648559436145,0.0,0.3630710374688188,2.0,0.10968351562335402,1.0,0.24146015432592902,2.0,0.3888244503136113,5.0,0.35188782139618596,2.0,0.9312631443756484,0.0,1.4900949056454789,0.0,2.8808798274407654,0.0,0.024825370211260335,1.0,0.4735742485891888,1.0,0.7679235665868673,0.0,2.0411503035568876,0.0,2.893838887345291,0.0,0.30259566394224985,1.0,0.8882731153149949,0.0,3.1355352197007824,0.0,0.6182845702554826,0.0,10.432667658416783,0.0,0.8643099514208341,0.0,0.7606503376637894,0.0,1.1325454904154382,0.0,0.6569185823781077,0.0,3.740097805300545,0.0,3.039174693952343,0.0
"The Westin Grand, Vancouver",49.2797863,-123.1169286,0.03823545065633436,36.0,0.03972398608752077,66.0,0.03037044897108086,105.0,0.03868652571492628,46.0,0.03238589409817028,42.0,0.05610954487729468,43.0,0.1341126925615681,23.0,0.09470792453523054,5.0,0.18235754142943827,7.0,0.2908712378143149,4.0,0.19138938375913933,5.0,0.19024645881724672,5.0,0.27481641311159427,6.0,0.12280071242490664,6.0,1.608592101279204,0.0,0.04821317679087116,14.0,0.10463961702480577,9.0,0.1973840512051453,3.0,0.20255798265528316,9.0,0.09455088760433819,1.0,0.12145209015232797,5.0,0.10624391555417821,17.0,0.4213686988751247,3.0,0.033396848558190764,1.0,0.05611952110935332,6.0,0.7272327971415193,0.0,0.2707859901232128,1.0,1.2356092552561924,0.0,0.3568567954121073,3.0,0.2599274811483118,2.0,0.041066181686785656,6.0,0.1902345502487612,2.0
Sheraton Vancouver Wall Centre Hotel,49.2805159,-123.1255733,0.12485506757608138,85.0,0.05612357326466643,79.0,0.025979909583028364,128.0,0.0476777469322687,55.0,0.06878729025059817,58.0,0.01735647895163905,36.0,0.09900705805878281,24.0,0.17825248404656585,4.0,0.04852705377265956,2.0,0.175823774465139,5.0,0.17560365226097163,6.0,0.42733940888931576,1.0,0.06469826347471064,11.0,0.05557562849472065,4.0,1.0591793288568547,0.0,0.058504232733832706,11.0,0.04808870199594176,11.0,0.35748188998445646,2.0,0.2184478473301869,11.0,0.5432141155051754,0.0,0.3103165235118191,4.0,0.08756711714798711,14.0,0.34817760281935,4.0,0.3613649920330329,2.0,0.22962149019109962,3.0,1.3539944247085485,0.0,0.4818575026566802,1.0,1.3670513337810293,0.0,0.25637418028265635,1.0,0.04711497978948061,4.0,0.33023853681995063,2.0,0.3260007574610575,4.0
Hampton Inn Vancouver Airport,49.1922149,-123.1274509,0.32790792985935113,1.0,0.16620419311213708,5.0,0.9647028678721093,0.0,0.13869505741442711,1.0,0.8236758530351909,0.0,0.17754007888396914,3.0,0.4303758206780718,1.0,0.8130209349859513,0.0,0.810201525703176,0.0,0.404527789557653,1.0,1.6883493831826242,0.0,0.45031621023647556,1.0,0.11002773375424332,1.0,2.057224661917152,0.0,0.6779263291657396,0.0,0.3726405773860453,1.0,1.3490625968876255,0.0,0.9490874686237306,0.0,1.1193902177733255,0.0,1.394540898459968,0.0,1.4446609857032005,0.0,2.936224225846635,0.0,2.6608880513023463,0.0,2.186448960514109,0.0,1.0629051760249077,0.0,8.244313796694936,0.0,1.064858087432195,0.0,2.2168715781890485,0.0,2.9389022862826875,0.0,1.0483280988392578,0.0,1.4729404277319496,0.0,0.3305176801405672,1.0
Arundel Mansion,49.2023102,-122.9112913,0.2209708931395879,3.0,0.06754474737590553,27.0,0.17472863862324217,1.0,0.1888073788855662,11.0,0.4150990614014531,1.0,0.07233894989260452,7.0,0.09144445748738426,8.0,0.2170617635535096,2.0,0.10798988406593192,4.0,0.48906432437790937,1.0,0.1895588194012148,3.0,0.21655541339167395,2.0,0.08342015459808882,8.0,0.9803615304527966,0.0,1.3124232228742998,0.0,12.743948575358685,0.0,0.2666677149372164,1.0,0.18838965279597017,2.0,0.10641311233779886,4.0,2.0671630896392497,0.0,0.2088787492486249,2.0,0.22508353350906896,3.0,0.021709642479264473,3.0,0.5442820258012284,0.0,1.222340544417098,0.0,3.0733028805794476,0.0,0.4553145295226048,1.0,2.9579734991102433,0.0,0.5129824696863294,0.0,1.3574175673668534,0.0,5.553221429213223,0.0,4.7929700818789325,0.0
Panda Pod Hotel,49.1631076,-123.1363364,0.7178649536566908,0.0,0.006999761062286912,15.0,0.069630961606676,1.0,0.1663563206359652,1.0,1.5951600634264598,0.0,0.3697097622476839,1.0,0.151928122081021,3.0,0.35383656882077674,1.0,0.06644656839587157,3.0,0.35187065727966577,2.0,0.37128508492037754,1.0,0.44021501032725663,6.0,0.7452903013453815,0.0,0.44736362336853086,3.0,0.8049174654879524,0.0,3.5281936614479315,0.0,1.0161398644866335,0.0,0.5624046636466771,0.0,1.0738616463848265,0.0,2.94007560797234,0.0,3.7787710531654244,0.0,1.2109067709275052,0.0,0.4260082514546058,2.0,2.6059543465231454,0.0,0.8710662235811917,0.0,10.333178270932468,0.0,1.026243067054394,0.0,0.39379994341264835,1.0,0.09790520113771106,1.0,1.5767106933361377,0.0,4.51568209658707,0.0,3.5464491851811384,0.0
Auberge Hotel Vancouver,49.2865686,-123.1152581,0.15604349278108726,38.0,0.08591445631991997,40.0,0.02700286170607478,62.0,0.1125013280754147,40.0,0.09637032688449056,36.0,0.007603197910359854,55.0,0.03940457033137998,28.0,0.38404885267919464,1.0,0.09426216840127095,15.0,0.4176964275385545,3.0,0.1915595749563706,3.0,0.2156057076460628,4.0,0.20635896047906493,2.0,0.39477050154573834,1.0,0.916825451000748,0.0,0.11602599334191674,6.0,0.051502134198591745,7.0,0.1895528595838359,2.0,0.21003821292932426,6.0,0.7422463596336081,0.0,0.773474134822992,0.0,0.3246873654380542,5.0,0.7969732236234257,0.0,0.7431931711932257,0.0,0.4070821895510837,2.0,0.9374726399017453,0.0,0.15605806788486892,1.0,1.2647360268279255,0.0,0.5165880485980393,0.0,0.3795710791811406,1.0,0.6822750537986889,0.0,0.1827600761794458,2.0
Trump International Hotel & Tower Vancouver,49.28676,-123.1240618,0.2132039117509329,15.0,0.04747990085800715,67.0,0.11071615190834203,28.0,0.11238527738415964,18.0,0.08713413712073072,25.0,0.10991971192672678,37.0,0.07059461953478804,25.0,0.3914672331869717,1.0,0.18569160284372038,14.0,0.24474212655629402,3.0,0.17728364385533993,4.0,0.26916460072425735,1.0,0.30997413278235875,2.0,0.6797922415840981,0.0,0.9661619436171872,0.0,0.0789555876751077,13.0,0.24953107358636673,2.0,0.17213624155538731,3.0,0.3204975862750104,3.0,0.8520832093899303,0.0,0.8164195990263686,0.0,0.15684280416089869,13.0,0.21393880857482714,1.0,0.6140205626477172,0.0,0.1901657862386351,2.0,1.4457706915868171,0.0,0.22188197906438184,3.0,0.9975451238011902,0.0,0.4076440134647475,2.0,0.2947774928383955,4.0,0.6622239500937056,0.0,0.44509969723031323,1.0
Exchange Hotel Vancouver,49.2856608,-123.1157723,0.12561295253053406,45.0,0.03363106545864274,48.0,0.03573664220595447,75.0,0.11054697150174311,42.0,0.042423419090178514,42.0,0.05111100229757988,65.0,0.031377766622544455,33.0,0.276912638085225,2.0,0.015837110523560627,17.0,0.37151196729333585,3.0,0.11070490031344063,4.0,0.13008704302425123,5.0,0.30125792237304655,2.0,0.2881702511562982,1.0,1.0078595269166393,0.0,0.07117572104514025,8.0,0.05814561322851275,8.0,0.1083626132069476,4.0,0.13717515302127856,6.0,0.6349626383124648,0.0,0.6659472100024516,0.0,0.32870988722693834,8.0,0.764858316463419,0.0,0.6388704108169104,0.0,0.3000749622432918,3.0,0.8893832478101503,0.0,0.2429447272689958,2.0,1.2529692241850776,0.0,0.4391535612821349,2.0,0.33032112706850303,2.0,0.5997927198763426,0.0,0.2751962518094544,4.0
Comfort Inn & Suites,49.1018172,-122.4899713,4.558427229356575,0.0,0.25268299475191836,1.0,5.8689445040193835,0.0,0.24292331328607744,3.0,4.554392052879744,0.0,0.17799855910469858,1.0,1.5093333506132933,0.0,0.7938759308393322,0.0,4.724693537182079,0.0,0.9522987063669985,0.0,4.842031268878041,0.0,4.787296145033024,0.0,9.20574681622865,0.0,5.341749913574522,0.0,0.20237343836143917,1.0,45.2570617024441,0.0,4.580920697285481,0.0,4.642562635796339,0.0,9.013042038331765,0.0,5.302896789381686,0.0,8.924547414451409,0.0,29.660141479624244,0.0,9.878564288725626,0.0,5.136164723156832,0.0,9.580260890783416,0.0,9.18753402504493,0.0,9.328536880359485,0.0,8.96437641293958,0.0,13.580446246091256,0.0,8.24396458378103,0.0,10.189940714927141,0.0,8.540158273018427,0.0
L' Hermitage,49.2805221,-123.1169671,0.09101650957402883,38.0,0.07349200579692325,67.0,0.03348379528295403,114.0,0.09408419111588048,55.0,0.08597233599961328,49.0,0.00601420230118491,52.0,0.11132701055767356,25.0,0.08033941269108089,5.0,0.1251514506846564,7.0,0.2427700341600322,4.0,0.19723762268421663,6.0,0.1985670515682336,5.0,0.3244755551027581,4.0,0.04099849345898462,4.0,1.5658551054518122,0.0,0.058614687042233354,11.0,0.02761828084955372,12.0,0.13288495882320653,3.0,0.20703201191241027,9.0,0.09182633255820799,1.0,0.1328091902940196,4.0,0.05844771446267022,17.0,0.4581201219165866,1.0,0.07241503417574073,1.0,0.05626351865148893,6.0,0.7303365351812422,0.0,0.2017376428494964,1.0,1.231731783999243,0.0,0.3383876730675835,3.0,0.2656597736594797,2.0,0.06964830325308136,6.0,0.1167208510525105,2.0
Sandman Hotel Vancouver City Centre,49.2788858,-123.1129606,0.048157156886343366,53.0,0.08177946025539906,48.0,0.16455214829812206,85.0,0.1979660574626518,44.0,0.039260741884540325,28.0,0.15446780543316413,31.0,0.1143942179476965,18.0,0.3968865791564548,4.0,0.31379678782978765,2.0,0.3881347246981129,2.0,0.18987113866844058,3.0,0.15374870246427427,6.0,0.13003220779993852,4.0,0.3651869267135013,3.0,1.7867353881281394,0.0,0.17012727044972972,9.0,0.09904360698909839,7.0,0.19345921873167315,2.0,0.08984539160597399,6.0,0.3988286715548949,1.0,0.4248699561979003,3.0,0.05750860705208801,19.0,0.5196352181443709,0.0,0.2840683256242392,1.0,0.19585613687178366,2.0,0.4596652841013524,1.0,0.5385731422582614,0.0,0.9701817114262052,0.0,0.3598820459411844,3.0,0.13481326763535018,1.0,0.08245529550815438,5.0,0.36242081526421394,1.0
YWCA Hotel / Residence,49.2783539,-123.1130745,0.1078384687135729,43.0,0.026768196332439355,39.0,0.1475111461566525,75.0,0.1860579627148767,34.0,0.09377768407850066,26.0,0.1357716415390729,26.0,0.05571553597530511,15.0,0.4162124686085749,2.0,0.35882997044747644,2.0,0.4431223785157008,2.0,0.16917855060910103,3.0,0.14488672943682776,6.0,0.15413682300621984,4.0,0.3981436806075433,4.0,1.842842262136871,0.0,0.12724411890534246,10.0,0.15783014140345386,5.0,0.17221583967455412,2.0,0.14863452726673826,4.0,0.4161506618986555,1.0,0.43756332741803705,3.0,0.10352406829529805,19.0,0.5629439538036773,0.0,0.30627521265450697,1.0,0.14030115205949714,2.0,0.48831401171912675,1.0,0.5713230596091823,0.0,0.9944352608385366,0.0,0.4190516316719393,3.0,0.19183512566121955,1.0,0.02941344314879445,4.0,0.40542926150463204,1.0
Georgian Court Hotel,49.2780805,-123.1136599,0.1480598927575861,35.0,0.02568592635176535,40.0,0.11099518866323033,73.0,0.15034877505152255,23.0,0.10220947383158804,23.0,0.09914738982289026,24.0,0.029081778278582805,14.0,0.39816483746516756,1.0,0.36773821025421255,4.0,0.4856136207191928,2.0,0.1282574471167679,3.0,0.11541689614049139,4.0,0.20587217501538455,4.0,0.3931053127496809,3.0,1.800869143082884,0.0,0.07722305203456611,11.0,0.18183232802910052,4.0,0.13073500867561455,2.0,0.18406609187890557,5.0,0.39638522098411866,1.0,0.4136571573373407,3.0,0.08016757831989506,20.0,0.5339695444313237,0.0,0.29316119362655146,1.0,0.09335075448465317,2.0,0.5395487967651171,0.0,0.5640113267831981,0.0,1.0442282328457186,0.0,0.39994481912758123,3.0,0.22201007312154572,1.0,0.022827165465506383,4.0,0.41115025623564827,1.0
Hampton Inn & Suites by Hilton Vancouver-Downtown,49.277907,-123.113987,0.1754032021927172,25.0,0.05609664369554361,41.0,0.0964114558160831,67.0,0.13626332994919163,22.0,0.08810292226417465,21.0,0.0873906224962705,24.0,0.04412988105298124,16.0,0.39230595260133794,1.0,0.37799757467356204,4.0,0.5017738455592506,0.0,0.11048388671547778,3.0,0.10845103848476018,4.0,0.23602362810579067,4.0,0.39522674782768175,4.0,1.7746994571129135,0.0,0.049077326742915886,12.0,0.15150645108571398,4.0,0.1123217371268302,2.0,0.209169554773926,5.0,0.38944953976254587,1.0,0.4039357462253551,3.0,0.08212139600858154,19.0,0.5052219180926228,0.0,0.29148222930232837,1.0,0.06815589642096043,2.0,0.569252410058548,0.0,0.5638185126434804,0.0,1.0729021159332661,0.0,0.37110575481160374,3.0,0.24442702729786617,1.0,0.05340095568734107,4.0,0.4193120774581937,1.0
Holiday Inn and Suites Downtown,49.2784082,-123.1258565,0.029709213232070982,55.0,0.04619060339414926,93.0,0.04101930925588454,128.0,0.02474088163120611,52.0,0.07877182793406629,49.0,0.07468914982077016,42.0,0.05176611343206122,28.0,0.22526542034316113,2.0,0.19838819102588778,7.0,0.21776184029472698,4.0,0.0807102226428824,7.0,0.44348228530727823,1.0,0.14230403190087895,11.0,0.18452600670418307,6.0,0.9444439629162651,0.0,0.20374741356924236,8.0,0.089577251733238,12.0,0.1357602797789445,3.0,0.08328963551102682,16.0,0.3239826643372017,1.0,0.211864824325458,2.0,0.1097911956209606,14.0,0.23346204942134668,6.0,0.1701122997924351,2.0,0.36071729670135566,2.0,1.3871342666489002,0.0,0.4158275508847988,1.0,1.5531000371630959,0.0,0.4861645858080196,1.0,0.26631458065200986,2.0,0.4148449997852783,2.0,0.10006161897124818,3.0
La Quinta Inn Vancouver Airport,49.1776522,-123.1271059,0.19887929574851243,7.0,0.030197593870326018,50.0,0.904412919126283,0.0,0.13946611320774852,6.0,0.7481156618129347,0.0,0.12028275851582593,6.0,0.5451923346871691,0.0,0.5517849721353612,0.0,0.29527357063020604,3.0,1.1744061205961382,0.0,0.4749292664693956,1.0,0.7727183170237131,0.0,0.8340030666744958,0.0,1.2727095972582683,0.0,0.5062912680006556,0.0,1.910296621868164,0.0,1.522304321621728,0.0,0.4420125933593885,1.0,0.24980678851645868,1.0,1.8450575837765655,0.0,2.512211776933418,0.0,1.8217221271425657,0.0,1.306895104224235,0.0,2.016960324115751,0.0,1.0205776524602659,0.0,8.896368676748684,0.0,0.7701449035721218,0.0,1.8449747556729874,0.0,1.8203458608278966,0.0,1.2246642663385523,0.0,2.994826221175642,0.0,1.8252272965475802,0.0
Carmana Plaza,49.2857066,-123.1248564,0.23951254461833282,36.0,0.012995898801007651,71.0,0.04303355912714042,43.0,0.04497125337522512,18.0,0.08241659936967698,34.0,0.022275700430277292,36.0,0.08271298872913725,30.0,0.4731809584401103,2.0,0.17430143173838702,12.0,0.24041735275711268,4.0,0.1130080695287814,4.0,0.3889114256639355,1.0,0.32031315406352134,3.0,0.631711072340796,0.0,1.0967032830640733,0.0,0.06191989013903427,11.0,0.21878152976708942,3.0,0.18431817639262574,3.0,0.33207756712969483,2.0,0.7879751314639476,0.0,0.7412830777047287,0.0,0.15444189427447877,11.0,0.2773375462347166,1.0,0.620891352254936,0.0,0.2521229404594548,2.0,1.4415049814742336,0.0,0.0992905124144538,3.0,1.002615234226771,0.0,0.3426297602004113,1.0,0.26190837734639594,3.0,0.6519461714366925,0.0,0.3804663841986605,1.0
WorldMark Vancouver - The Canadian,49.2797517,-123.1257409,0.049753674906701156,81.0,0.039617926369541145,73.0,0.02437562724242724,139.0,0.05814871408474781,54.0,0.055691566138817754,57.0,0.07456798202048968,41.0,0.08530959374372223,28.0,0.16551678795521552,3.0,0.057537275180135426,4.0,0.15996132816696518,5.0,0.09805926756309531,6.0,0.41354587945337845,1.0,0.03395072667164551,12.0,0.037201549051612805,4.0,1.0085448624713298,0.0,0.11841709990714942,11.0,0.07342318178926494,12.0,0.27289850076492034,3.0,0.17490273782564603,12.0,0.46307869335291196,1.0,0.26603638092352383,4.0,0.03898381882602674,13.0,0.3030361321394436,5.0,0.3088594791622664,2.0,0.2650168130107692,3.0,1.366119775234571,0.0,0.5515906970776452,0.0,1.4302479203730063,0.0,0.3402993535144781,1.0,0.11874718823579622,3.0,0.34974574253156643,2.0,0.24263818925542066,4.0
Days Inn,49.192637,-123.1277313,0.28604176608976284,1.0,0.12398442169838027,5.0,0.997371135022519,0.0,0.16837156080626353,1.0,0.8456834235196169,0.0,0.1957075821821458,3.0,0.38515021434152896,1.0,0.843582219832889,0.0,0.8544922484264525,0.0,0.38307934750995315,1.0,1.739222464489142,0.0,0.4113156829343713,1.0,0.16004460758552322,1.0,2.008423620048607,0.0,0.6690382630163284,0.0,0.3250579220897439,1.0,1.2980753064929742,0.0,0.9841168329620225,0.0,1.1496793343271596,0.0,1.3886504028235638,0.0,1.4105345260974824,0.0,2.9650409684017314,0.0,2.696605387767702,0.0,2.221310881293848,0.0,1.0215534727659152,0.0,8.24794909987623,0.0,1.0248982749482667,0.0,2.165716477806521,0.0,2.9163185262765365,0.0,1.0076635754939578,0.0,1.4220950693460808,0.0,0.32424121612176154,1.0
Fairmont Vancouver Airport Hotel,49.1951945,-123.1752883,0.17840298324244894,1.0,0.2150114490297178,5.0,2.748829900283385,0.0,0.13101515233851715,15.0,0.38919862498767066,3.0,0.09878813760593189,10.0,0.1322592395919663,4.0,0.06642042603900983,17.0,2.7755760668049043,0.0,0.09429093025806573,7.0,0.4034371698454988,1.0,2.006568817463023,0.0,0.23361949041985544,8.0,0.4121153728406179,1.0,2.8339408290513592,0.0,3.219940027142076,0.0,0.48379975314778206,1.0,0.3960717686363271,1.0,0.22948174969462948,7.0,2.250034568798866,0.0,0.41313552312223273,1.0,3.382283539577463,0.0,2.848716254408683,0.0,4.011401825336918,0.0,0.12333007619599526,3.0,9.442252817300938,0.0,2.5488149048808255,0.0,3.0537035157082615,0.0,0.42362799983238714,1.0,0.22878963550422,1.0,2.9027656613464865,0.0,0.36397622523373485,2.0
Loon Lake Lodge and Retreat Centre,49.3036252,-122.5881547,5.14503271076586,0.0,9.216684307537488,0.0,10.866264732172727,0.0,9.203315881343384,0.0,5.4297879261753375,0.0,9.221223186061573,0.0,8.775831828428123,0.0,4.520199935527661,0.0,9.601402545890046,0.0,6.933802373979539,0.0,9.238940041214668,0.0,2.136356159320466,0.0,9.40218543630756,0.0,14.263693820920375,0.0,9.245052941118175,0.0,34.66464559162822,0.0,11.420196806733093,0.0,9.23215463989151,0.0,9.219353434321192,0.0,15.358818485650643,0.0,11.557259278061776,0.0,15.708955499378428,0.0,9.706463025539172,0.0,9.310524504924617,0.0,15.462300461398094,0.0,8.578226324193864,0.0,14.908799045347012,0.0,9.344747717075197,0.0,9.29138051647125,0.0,12.197261084333547,0.0,15.123406803263176,0.0,15.295350985210472,0.0
Holiday Inn Express Vancouver-Metrotown (Burnaby),49.2265894,-123.004442,0.14495754817565262,33.0,0.03617742424769106,33.0,0.03455808334984301,7.0,0.026953265203880427,37.0,0.22077970478816894,1.0,0.03687131371480806,18.0,0.06697357473950515,5.0,0.1739552436133365,6.0,0.18919704323177874,8.0,0.616290431099643,0.0,0.048983343298636746,5.0,0.018416973290603846,3.0,0.2122032055250497,5.0,0.05568872769277186,10.0,0.4234380054048323,1.0,5.572494103766842,0.0,0.5548945181427102,0.0,0.0457920228313629,1.0,0.18375123540431307,17.0,1.3064879359611024,0.0,0.17450766680829063,6.0,6.051323917398833,0.0,0.06761039045667012,4.0,1.0164854100023992,0.0,0.3036870398735102,6.0,0.1520170955210186,17.0,0.3623855282174931,1.0,2.5491826788380876,0.0,2.208911321160037,0.0,0.29594584902977744,2.0,1.8343863411442267,0.0,0.36264048051093245,1.0
Opus,49.27458,-123.122482,0.02902961551208765,46.0,0.022692605343570156,66.0,0.048649719906654315,62.0,0.057763226717733686,26.0,0.018913358196805112,27.0,0.007560153096111548,26.0,0.08190091377338217,16.0,0.20216623089507793,3.0,0.10135106901323632,9.0,0.22279433567063786,4.0,0.30301556994908685,3.0,0.45801480836926517,1.0,0.33631773977055385,5.0,0.10892367105099607,6.0,1.1500328969758191,0.0,0.057194737543544795,10.0,0.1436951852869465,6.0,0.16886418567924993,3.0,0.10882711111637304,12.0,0.17411343013555194,1.0,0.40359160413788614,2.0,0.08104403872389972,12.0,0.14765909487705867,6.0,0.3213107632600611,1.0,0.6253666085627693,0.0,1.2866999253983493,0.0,0.08227747926119701,2.0,1.7030508512111127,0.0,0.36423435806567694,1.0,0.22394094939829523,1.0,0.611232141215734,0.0,0.38485820617627003,3.0
HI Vancouver Central,49.2791033,-123.1236705,0.07264609407786592,54.0,0.01445324037938391,102.0,0.07042836773598428,145.0,0.030535848320009128,57.0,0.02765404744759761,61.0,0.06101633290565621,49.0,0.08719338346741168,32.0,0.06775880926065248,4.0,0.16149221745646541,7.0,0.06199759970824204,4.0,0.1076005101871242,6.0,0.5722632548286201,0.0,0.08698267389672162,13.0,0.1332395811446686,8.0,1.1194522682352381,0.0,0.18617576907397454,12.0,0.019203943156305945,13.0,0.3038564366163314,2.0,0.009384933253787149,15.0,0.37726270573208226,2.0,0.1018466282780785,5.0,0.11502465739186703,15.0,0.13960969028612577,5.0,0.24326258784714774,1.0,0.20195353243237693,4.0,1.2206340893843144,0.0,0.452577841870333,2.0,1.5752712334171637,0.0,0.3967077225507229,2.0,0.25596001497096965,2.0,0.2403070953952725,2.0,0.20483659014733074,4.0
Baker House,49.0269521,-122.2826389,0.8032414353083338,0.0,0.8169638496562195,0.0,0.21263487895580643,1.0,0.8531180567224007,0.0,0.2530383278281423,1.0,0.022921228821611017,1.0,0.3819243385919739,1.0,1.193541368719719,0.0,1.5751009162248026,0.0,2.4180510444572123,0.0,1.265573455784952,0.0,2.9523465652931877,0.0,0.5634461903848561,0.0,1.2064264687151485,0.0,4.0363435456216035,0.0,62.43179332698776,0.0,1.388643587039754,0.0,1.456135024818561,0.0,1.7764757768751045,0.0,1.4539130311793418,0.0,2.307355549991674,0.0,46.67483056201036,0.0,1.286577892377702,0.0,1.785457900694748,0.0,1.535296921802463,0.0,1.148402980984414,0.0,2.512191577343618,0.0,0.18327313842099693,1.0,1.3070564961253093,0.0,4.321086971030273,0.0,2.3010086933888205,0.0,3.0273803785294833,0.0
C&N Backpackers Central Station,49.2751432,-123.099635,0.055039123238159605,22.0,0.04179215804659727,20.0,0.03407036242999163,10.0,0.06224990402702136,5.0,0.7163957192800221,0.0,0.23991937002245242,7.0,0.18328424011026656,4.0,0.18937248561920242,4.0,0.46825988912111166,3.0,0.19455861416216816,3.0,0.531816099280415,0.0,0.47605899115711503,1.0,0.7637260117387276,0.0,0.5058374981108569,0.0,1.6406224938118026,0.0,0.12541711404548758,6.0,0.009100391224759153,5.0,0.6327893082588006,0.0,0.5126695291824462,0.0,1.180628509834284,0.0,0.22866236244787458,3.0,0.10729659259437678,6.0,0.9078392389960952,0.0,0.49942823955314136,1.0,0.2548919612408308,1.0,0.7657343167861184,0.0,0.596077540297511,0.0,0.6580251560414544,0.0,1.240339461836806,0.0,1.1370530671997099,0.0,0.6688376465263297,0.0,0.2215641659489239,1.0
C&N Backpackers Hostel Vancouver,49.2763105,-123.1002416,0.19116975785641369,15.0,0.03652463972687032,32.0,0.1361154525854783,5.0,0.17276668705281045,5.0,0.6121939193064887,0.0,0.2235599108898288,10.0,0.31745054412721246,3.0,0.32275943426615844,3.0,0.338605213580264,5.0,0.3093824060799051,2.0,0.4022063970032289,3.0,0.33901584383948113,1.0,0.6395186316334439,0.0,0.577725622443808,0.0,1.7687948345021303,0.0,0.2002042169744333,9.0,0.1455263890253561,4.0,0.5062248328335545,0.0,0.3762933339021586,3.0,1.2936358120872413,0.0,0.3612385381856757,3.0,0.1729085269801534,6.0,0.7789862936590379,0.0,0.3798560827704588,1.0,0.35977031849975216,1.0,0.6439965930028756,0.0,0.47650903529564054,1.0,0.5279512923615534,0.0,1.1266127127905516,0.0,1.040090610811343,0.0,0.5497451901499462,0.0,0.3569731182732188,1.0
St Clair Hotel-Hostel,49.2826853,-123.114188,0.10685396877267522,61.0,0.026585399699642163,61.0,0.046563940050031304,125.0,0.029735608443152137,60.0,0.09751726332309191,55.0,0.07600359995614674,73.0,0.08560457978840806,34.0,0.25313652792413166,6.0,0.0829567602122255,11.0,0.047764966903229074,4.0,0.1748625709071765,5.0,0.09998727064170757,5.0,0.4671953614418229,1.0,0.17687648350362212,3.0,1.3549927088298759,0.0,0.32061237790513564,10.0,0.13073427437198115,16.0,0.18218525511528832,4.0,0.07311460310397574,9.0,0.3996043520751193,1.0,0.4398557479639551,3.0,0.028248362245610035,17.0,0.5205669266527035,0.0,0.34968116226469353,1.0,0.18745244984635295,5.0,0.599165641275663,0.0,0.3430176003336239,1.0,1.0445183121524115,0.0,0.10657733324521594,2.0,0.29697410096644133,2.0,0.2513178846713808,3.0,0.19893191914346983,1.0
Pacific Spirit Hostel,49.2644708,-123.2583099,0.17889757247907725,48.0,0.2554340712277622,3.0,0.18881704998756188,24.0,0.3129207351211976,2.0,0.06414053695433672,6.0,0.3142940593858173,3.0,0.08393503562098709,2.0,0.15388427480897524,2.0,0.9012907328736323,0.0,2.015472171041863,0.0,1.1172874452449468,0.0,0.29323240038906784,1.0,1.10930673508961,0.0,1.9888361145177704,0.0,3.982594408932923,0.0,0.811025085316143,0.0,0.4471045760962503,1.0,0.5535222753278394,0.0,8.684513416397802,0.0,0.22839462432362567,1.0,0.5762841394805167,0.0,0.9723464949741085,0.0,2.0492451586042018,0.0,3.403200347634608,0.0,0.35549885668201386,1.0,0.0942859342858849,2.0,0.858738733419835,0.0,0.7524886837334401,0.0,2.678070676089834,0.0,0.5180357870033236,0.0,0.6583034547543634,0.0,8.391404514884528,0.0
Samesun Backpacker Hostels,49.2788526,-123.123027,0.09157653936774188,65.0,0.04491708974921018,102.0,0.04894339938361411,146.0,0.031882744907532144,56.0,0.03938082541612721,63.0,0.04785230857314787,52.0,0.1049538567659534,29.0,0.09903416886491669,4.0,0.21448645265839358,7.0,0.0966331125623932,4.0,0.1536201157446565,5.0,0.5537489624622517,0.0,0.09268754037308694,13.0,0.08572447539282438,9.0,1.1550135511631885,0.0,0.19674901979146286,12.0,0.011325879072935658,14.0,0.3277728951592051,2.0,0.022884271703393903,13.0,0.35691249222093474,2.0,0.049235278470709194,5.0,0.08187187651477267,14.0,0.08696908863901719,5.0,0.2387420981233192,2.0,0.1869738481154208,4.0,1.1772031095305577,0.0,0.4249283828364012,2.0,1.6255457624654632,0.0,0.3790166639482877,2.0,0.3049654086031777,2.0,0.21512005858433253,3.0,0.2155084473994233,4.0
Vancouver Backpacker Guesthouse,49.2200332,-122.9993061,0.3686258844413256,5.0,0.38922766281432386,4.0,0.456981599440728,1.0,0.2625612306366049,1.0,0.3030389512943497,3.0,0.5540451747651972,0.0,0.47563664964684005,1.0,0.6107221110424007,0.0,0.5897791796013866,0.0,0.39294385906237167,1.0,0.42982405039296234,1.0,0.3908155237533338,1.0,0.49640698940462374,1.0,0.5700230041503107,0.0,1.2374981528290898,0.0,6.319700280747536,0.0,0.5850425128267982,0.0,0.8613709983070056,0.0,0.6208661450676524,0.0,1.5997917316938783,0.0,0.6182073892937545,0.0,5.793142011835579,0.0,0.4134834596719985,1.0,0.728440659788223,0.0,0.5887929397832421,0.0,0.5844615191899589,0.0,1.0630923682468363,0.0,2.926461581507187,0.0,2.958517898781649,0.0,0.6657615171690235,0.0,1.1405137775216276,0.0,1.0706208349836452,0.0
Burnaby Rentals Hostel,49.2270271,-122.9377581,1.0261377883810423,0.0,0.428732569134882,1.0,1.6613623238653485,0.0,0.42828332827841337,1.0,0.1009795617261483,2.0,0.5046463214150605,0.0,0.288756919610246,1.0,0.7741745947277928,0.0,1.3705887770271479,0.0,1.8410342458530162,0.0,0.6312266246888177,0.0,1.0577942538884304,0.0,0.980553211280932,0.0,0.3016309838828244,1.0,0.4937284192878024,1.0,9.859896052596973,0.0,2.0628591223276245,0.0,1.5534009611878934,0.0,1.5864144806232052,0.0,1.3315362460578901,0.0,3.5628917181253876,0.0,2.1165628263414797,0.0,1.3723985913875212,0.0,1.1349338258347026,0.0,2.15176306418223,0.0,3.9754407549445365,0.0,2.019214540111805,0.0,4.120435961337925,0.0,2.958490020774586,0.0,2.6988413325095526,0.0,3.6081251922782767,0.0,2.6051371074206333,0.0
Gastown Hostel,49.2831072,-123.1091298,0.11091067937299931,58.0,0.019269079123911466,55.0,0.028220883990309708,77.0,0.010919700909311493,56.0,0.06900164237628681,38.0,0.024963938081862744,50.0,0.09036327455043726,21.0,0.09486822470391808,3.0,0.16525485144903776,2.0,0.1581269948998869,2.0,0.12649296622417167,4.0,0.31174878284768914,5.0,0.3628204177120589,2.0,0.08725825565940619,3.0,1.4370009239994346,0.0,0.1612248425357497,6.0,0.011105697984488407,18.0,0.12435576056037399,2.0,0.03454040099814872,15.0,0.7288559251597636,0.0,0.7698142212700076,0.0,0.11930191125198102,11.0,0.20907413307485054,2.0,0.42677710234168453,1.0,0.007639075429509394,2.0,0.3680594108259375,1.0,0.17884325307815316,2.0,0.6999805043261013,0.0,0.29161932666951534,2.0,0.4570101452545208,1.0,0.3325997434817309,3.0,0.5406327796459848,0.0
Seymour Hostel,49.2839749,-123.1142178,0.06611352066257606,71.0,0.01725858845507624,50.0,0.030844640024082028,106.0,0.019018581779993,43.0,0.03985225668951468,46.0,0.060892239311062205,70.0,0.10743225028353283,34.0,0.24436742772721415,5.0,0.06052520354051257,14.0,0.17856767457030942,4.0,0.10928855204586084,4.0,0.08186472240978955,4.0,0.4178729912685539,2.0,0.19322611890343747,3.0,1.2149071301468226,0.0,0.24652465942015042,9.0,0.009538010700264688,14.0,0.1115563541727589,5.0,0.08809180808400313,9.0,0.50957648088657,0.0,0.5473559617287427,0.0,0.17118931458198877,13.0,0.5715467396301318,0.0,0.4793383324691313,1.0,0.20931099805325837,4.0,0.6807173308963477,0.0,0.4020122678995014,2.0,1.0807237023333538,0.0,0.22085685159426652,2.0,0.4387212495866824,3.0,0.38449202712337394,3.0,0.31640652853105933,3.0
Academy House Gastown,49.2815506,-123.1018576,0.31844452723945066,19.0,0.09661627076756081,61.0,0.31298629141672335,14.0,0.26227268400479126,27.0,0.2638272096212977,10.0,0.12855934738463415,24.0,0.20197181507152862,6.0,0.24066271700062958,3.0,0.05680031774184696,7.0,0.5971915198367718,0.0,0.21085363259018214,7.0,0.10935185708474962,4.0,0.3719075763396851,1.0,0.4234599515647382,3.0,1.8742080657445923,0.0,0.0945421135691356,9.0,0.21621795319024747,14.0,0.1930863678234352,2.0,0.08183209829587205,12.0,1.1885010972250645,0.0,0.9549646829762259,0.0,0.5790288510624311,0.0,0.37526817335104656,2.0,0.13389604027004395,3.0,0.4169671768116091,1.0,0.39961744285530104,1.0,0.26409996192072827,3.0,0.14510752651979186,1.0,0.803665061310057,0.0,0.8513089641141635,0.0,0.25788199865804257,3.0,0.9443457383809674,0.0
American Backpackers Hostel,49.2827285,-123.1116445,0.08245690699953803,67.0,0.026622584792541027,51.0,0.00562346932423059,97.0,0.11864367662614281,61.0,0.008732812644509931,44.0,0.005658218930760702,56.0,0.031643933147309976,27.0,0.10384257808907972,4.0,0.19949321245163937,6.0,0.15142312390023704,2.0,0.2717490865473271,5.0,0.2533598618641673,6.0,0.41904622563539,2.0,0.27039236687578777,3.0,1.4021789037323718,0.0,0.3048046790209417,7.0,0.051062863853279926,16.0,0.27042860043956485,4.0,0.07417751970581392,12.0,0.5488288727455549,0.0,0.5899606914276132,0.0,0.07992357329524553,14.0,0.3446699308293968,2.0,0.47112920378328665,1.0,0.18185615949380105,4.0,0.4485277131287715,1.0,0.3660371902831578,1.0,0.8644312051848055,0.0,0.10886674020751903,2.0,0.3212440801308761,1.0,0.2360279548062035,4.0,0.3558035686147403,1.0
Lake Errock Motel,49.219787,-122.0108396,11.081849407237403,0.0,14.776712121042527,0.0,13.925575975486252,0.0,16.06526503121353,0.0,13.35145243129834,0.0,21.460900520223205,0.0,20.27238550254992,0.0,13.439646747526279,0.0,23.35940893490924,0.0,17.164838482205496,0.0,22.03929635093784,0.0,23.755250804505277,0.0,24.75659745391563,0.0,24.43203187907662,0.0,0.016323015589451484,1.0,76.69340598897908,0.0,10.937567275911832,0.0,5.534283230585093,0.0,23.758433917000403,0.0,8.303696849552686,0.0,16.05974778052756,0.0,57.6322032845267,0.0,26.779646590346807,0.0,26.368257203037192,0.0,11.17184342493422,0.0,13.923170050668924,0.0,27.706713392462586,0.0,23.247555552550857,0.0,8.51800836164845,0.0,28.162058915067423,0.0,13.954971711653618,0.0,28.33436593351594,0.0
Sundance Inn,49.0898333,-123.0411145,1.0017341507167092,0.0,2.5493549132199775,0.0,2.688087565945898,0.0,2.70336054027403,0.0,2.571412286424982,0.0,0.26845563662402444,1.0,0.07723353169078137,7.0,1.5536160863380986,0.0,2.8228196916303894,0.0,3.903138639750781,0.0,1.8012029553985083,0.0,5.191465721852418,0.0,6.021256546720344,0.0,1.789616082725831,0.0,0.34853302080440873,1.0,13.362672692940013,0.0,2.2785074343522305,0.0,3.0988821666434743,0.0,0.0788097801542129,1.0,7.514882976441804,0.0,3.0193083958191007,0.0,11.888452768513032,0.0,2.7400258213147914,0.0,1.738264334960138,0.0,5.959095278747628,0.0,11.879601097504679,0.0,3.1668174691281012,0.0,3.056970144823888,0.0,6.031362525671849,0.0,1.394028806692219,0.0,3.2174653265234383,0.0,4.6318199267183315,0.0
,49.08955,-123.0421721,0.929384680119276,0.0,2.585422780940786,0.0,2.612255707041213,0.0,2.627338367163832,0.0,2.5102885747091133,0.0,0.19576583927597246,1.0,0.13671646005425506,8.0,1.6095884452201477,0.0,2.74677941184722,0.0,3.9004174795513378,0.0,1.7183398104334886,0.0,5.153444728262644,0.0,6.003623223717614,0.0,1.7068031256117082,0.0,0.27426870585249913,1.0,13.352774525756827,0.0,2.202718166380755,0.0,3.023068529235726,0.0,0.016360028932002273,1.0,7.464948124971508,0.0,2.943910744661053,0.0,11.861415344746812,0.0,2.6654446608680984,0.0,1.6605704477074286,0.0,5.925691389541816,0.0,11.96278927252025,0.0,3.0919963924722547,0.0,2.9782026567104816,0.0,5.96644375742241,0.0,1.3108261974378779,0.0,3.136690100724101,0.0,4.68439488183526,0.0
Linda Vista Motel,49.1208466,-122.8443478,0.855633792722333,0.0,0.6284243685107236,0.0,5.677001218005173,0.0,0.08879610957815695,2.0,1.635278772879123,0.0,1.3447239227705094,0.0,0.9274891858048235,0.0,2.118166603363741,0.0,1.3824776072809344,0.0,4.378448205729989,0.0,1.2574211787600333,0.0,2.1148314289187518,0.0,3.4832837765286304,0.0,3.0786769915240604,0.0,0.27687182414813816,1.0,22.07417479649157,0.0,1.4912652884527868,0.0,1.2513378732038885,0.0,6.888714469208497,0.0,1.766821928096333,0.0,3.675453996164359,0.0,10.456786591562269,0.0,3.2742641647128914,0.0,4.769157302334034,0.0,7.261919556416204,0.0,3.648362842616336,0.0,3.9106976798042377,0.0,1.102320573241215,0.0,7.171019628311017,0.0,6.636001699372571,0.0,1.6881367650459325,0.0,7.818400975119778,0.0
Canadian Inn,49.1213176,-122.8448415,0.9102448925990688,0.0,0.5740435573014381,0.0,5.737402089296198,0.0,0.12862763223946708,2.0,1.582649876488681,0.0,1.2894929631458096,0.0,0.9086439935869665,0.0,2.0847753000695994,0.0,1.3296245548483285,0.0,4.349052462067055,0.0,1.3138039435070294,0.0,2.178170522702812,0.0,3.424718263829129,0.0,3.1196712048893636,0.0,0.3101721918077478,1.0,22.012112616230638,0.0,1.4380444998227784,0.0,1.3076805179934168,0.0,6.825463693692624,0.0,1.7042341288004228,0.0,3.712789287216552,0.0,10.393556686992234,0.0,3.244155494294048,0.0,4.727072566589338,0.0,7.2084899750919185,0.0,3.5966068896226115,0.0,3.854409318807251,0.0,1.0631175542451012,0.0,7.117881013357213,0.0,6.590186855894358,0.0,1.7377484045155014,0.0,7.76591262478406,0.0
Grandview Inn,49.041761,-122.7870011,1.3085664089008113,0.0,0.4692226935188271,1.0,0.7940852700308472,0.0,0.5183212007341528,0.0,1.33681987304179,0.0,0.6974613957662477,0.0,0.4650996998682903,2.0,1.0185636559051705,0.0,0.5238309018249299,0.0,2.6872808008362257,0.0,0.7236040057932074,0.0,0.7909517851112733,0.0,0.4109763085404589,2.0,7.172925159603209,0.0,0.5536755057051617,0.0,30.260468396041055,0.0,1.5121625169001653,0.0,0.682774953907028,0.0,8.871156547145295,0.0,4.0807563717557445,0.0,2.4551230785289473,0.0,20.181969856176384,0.0,7.921212040841555,0.0,0.6771317815482901,0.0,2.6415550858350954,0.0,12.611625238948893,0.0,0.5410947660593801,0.0,1.2838925276696758,0.0,5.875713067686674,0.0,4.430801761260854,0.0,1.6614235596608506,0.0,12.151669557088189,0.0
Westward Inn & Suites,49.1124568,-122.6775459,0.8020756055896655,0.0,0.02194719977006606,13.0,1.810966300596068,0.0,0.20034280900950452,16.0,0.9332169339634061,0.0,0.09657159910053767,3.0,0.2573204446783422,2.0,1.4040623837283053,0.0,0.6615321203574741,0.0,0.9272831459609232,0.0,0.5073554670867795,0.0,1.322768779845163,0.0,1.6454245586913125,0.0,0.3694429344431586,1.0,0.8251571102886097,0.0,32.45641918114671,0.0,1.6300713357690249,0.0,0.2906544966922111,1.0,0.6809398192637451,0.0,0.12848216706249127,2.0,1.4605732674641336,0.0,19.939787184232845,0.0,0.502495360784088,0.0,1.8370876442445796,0.0,1.7759534989201489,0.0,7.544417513079505,0.0,0.28965687103468696,1.0,1.5730113803882602,0.0,0.34641748953195267,2.0,1.5601969867348677,0.0,8.976136225973066,0.0,1.1857761140187577,0.0
Beach Grove Motel,49.0249235,-123.0595623,0.501242011557735,0.0,0.5840396911793593,0.0,1.765333013233761,0.0,0.780202221487474,0.0,0.13439426568556923,2.0,0.5067432580556396,0.0,0.7206351530432943,0.0,1.119327631172223,0.0,0.7219671539400095,0.0,1.78572984676521,0.0,0.7309347565347528,0.0,1.1072192340820275,0.0,12.337286062196613,0.0,0.795933349595821,0.0,0.6435454283805543,0.0,19.575009588932932,0.0,7.344302925613299,0.0,0.7372960758849353,0.0,7.3130576914519505,0.0,0.587326347402985,0.0,5.265748090740531,0.0,17.401646239185087,0.0,7.5229858907416585,0.0,1.2794526013609524,0.0,5.460099719891781,0.0,17.106518614730852,0.0,2.710777615133763,0.0,0.8596763292560989,0.0,1.7085512554158562,0.0,6.7027577815762625,0.0,6.985528394297427,0.0,11.9580702475189,0.0
B & B Border Inn,49.0005482,-122.2645008,4.0234620067782005,0.0,2.9248187743389655,0.0,3.430209620964968,0.0,2.647932508787501,0.0,3.4732576167950917,0.0,3.0548696868337,0.0,1.1419110051469459,0.0,2.148535202409016,0.0,4.28032821771851,0.0,4.620195881717303,0.0,3.8729823209020986,0.0,6.012254806205434,0.0,3.7475316386222928,0.0,3.8942668371486797,0.0,7.100349878799155,0.0,64.88659422745631,0.0,3.914288003287594,0.0,4.411330473547136,0.0,4.873361018402892,0.0,1.8374509068149831,0.0,4.394402902349444,0.0,49.50796810263062,0.0,4.263474105409297,0.0,3.9278408781535266,0.0,4.253277828950755,0.0,4.218003842407285,0.0,5.720955054349164,0.0,3.4020473488817746,0.0,3.0748020424525113,0.0,7.515499234441487,0.0,0.5387023852515246,0.0,6.243360379565637,0.0
,49.2381403,-122.7851753,1.0897003107377992,0.0,1.8314969323679196,0.0,1.839342269162922,0.0,1.7699363191365767,0.0,1.1192701902113187,0.0,2.476534938532729,0.0,2.5362764078185274,0.0,1.2493147264510196,0.0,2.753561452754024,0.0,1.8263385316117353,0.0,3.005577467233447,0.0,0.43282484591858184,1.0,4.640684522113641,0.0,3.231551776093528,0.0,1.1168245848351235,0.0,20.46772860409326,0.0,2.0858781641780086,0.0,2.123624002081461,0.0,2.226800291572701,0.0,2.6789850547145133,0.0,4.156939292516536,0.0,4.250660920926468,0.0,4.301404857207262,0.0,4.152264335812087,0.0,3.930365473712354,0.0,5.511217970460759,0.0,4.335847985000903,0.0,5.896190902628384,0.0,1.8520122291576329,0.0,2.006753199869882,0.0,9.35877454358568,0.0,6.792433358732854,0.0
,49.1409053,-123.1152,3.2228272525807955,0.0,1.4794106392559703,0.0,2.838616012096142,0.0,1.570530645076056,0.0,3.557426059734755,0.0,1.5201862943715891,0.0,0.06989837852343092,1.0,0.5834902795664322,0.0,1.6268771292892583,0.0,3.1847932446381506,0.0,1.5846829065282544,0.0,2.0350850198088635,0.0,1.853200731011986,0.0,1.5168750954955519,0.0,1.5964455411940794,0.0,6.084653573451971,0.0,1.6171324435947958,0.0,1.6126138142054107,0.0,1.7869826001503528,0.0,5.774530922719555,0.0,5.241097124573417,0.0,4.072684478532509,0.0,1.745599376507268,0.0,3.3624072758823713,0.0,1.9013207136145893,0.0,10.907735847594926,0.0,1.8519509863424006,0.0,1.903693885814137,0.0,1.709722576558152,0.0,1.8822641693222997,0.0,6.542937981813345,0.0,5.83987098353106,0.0
,49.324125,-123.122828,1.1207713048952865,0.0,0.15148481357919388,2.0,1.942183729125486,0.0,0.31139091015693815,1.0,0.10888408968051017,4.0,0.6643410367445634,0.0,0.07733074280933512,1.0,1.1307317992086148,0.0,0.7958447138762392,0.0,1.5796242579802016,0.0,0.9248399293385755,0.0,0.9542046353514415,0.0,0.09154722019994087,1.0,0.8197163610548441,0.0,1.2417157519048838,0.0,2.818399037518667,0.0,1.3048390693051348,0.0,0.927574317193636,0.0,2.324787294742746,0.0,3.390281412668903,0.0,1.4546778930248891,0.0,3.7094363739297886,0.0,2.1583842754367164,0.0,1.3486956955384253,0.0,3.455074929267786,0.0,5.026372887144774,0.0,1.9150555209167328,0.0,2.059976687589214,0.0,3.615276240463539,0.0,3.101533278033281,0.0,3.1020454266918294,0.0,4.032622083523863,0.0
Sheraton Vancouver Wall Centre Hotel,49.2805159,-123.1255733,0.12485506757608138,85.0,0.05612357326466643,79.0,0.025979909583028364,128.0,0.0476777469322687,55.0,0.06878729025059817,58.0,0.01735647895163905,36.0,0.09900705805878281,24.0,0.17825248404656585,4.0,0.04852705377265956,2.0,0.175823774465139,5.0,0.17560365226097163,6.0,0.42733940888931576,1.0,0.06469826347471064,11.0,0.05557562849472065,4.0,1.0591793288568547,0.0,0.058504232733832706,11.0,0.04808870199594176,11.0,0.35748188998445646,2.0,0.2184478473301869,11.0,0.5432141155051754,0.0,0.3103165235118191,4.0,0.08756711714798711,14.0,0.34817760281935,4.0,0.3613649920330329,2.0,0.22962149019109962,3.0,1.3539944247085485,0.0,0.4818575026566802,1.0,1.3670513337810293,0.0,0.25637418028265635,1.0,0.04711497978948061,4.0,0.33023853681995063,2.0,0.3260007574610575,4.0
